0 0
0 0
0 0
0 0
0 0
0 0
0 0
0 0
0 0
0 0
0 0.278409
0 0.255208
0 0.235577
0 0.21875
0 0.204167
0 0.191406
0 0.180147
0 0.170139
0 0.322368
0 0.30625
0 0.291667
0 0.278409
0 0.266304
0 0.255208
0 0.245
0 0.235577
0 0.226852
54.4508 0.233839
57.9132 10.3089
61.8489 24.3173
61.8489 37.422
69.878 36.9429
74.7642 36.9143
77.5628 77.1889
77.5628 111.5
77.6065 119.019
77.6065 126.132
81.3335 123.891
82.4156 121.056
82.7131 118.524
82.9271 115.757
87.017 155.301
87.017 193.007
88.9596 190.715
88.9596 188.524
89.2656 186.367
92.6737 188.16
92.6737 189.877
93.2607 193.486
94.2382 191.255
94.2382 189.111
94.5405 189.379
96.1832 185.905
96.1832 182.561
96.3399 190.651
96.5913 190.036
97.3142 187.399
97.3144 188.609
98.1516 185.439
99.6961 183.624
99.6961 181.869
100.176 179.292
100.176 176.797
100.509 182.811
100.509 188.64
102.34 201.297
102.34 213.576
102.513 212.553
102.513 211.559
102.617 209.593
103.282 212.706
105.818 209.763
106.049 207.532
106.049 205.361
106.852 202.732
106.852 200.171
107.185 212.364
107.442 211.893
108.928 209.321
109.348 215.952
110.966 220.879
110.966 225.686
111.726 225.311
112.777 230.523
116.964 230.067
118.413 228.174
118.413 226.324
123.81 228.343
123.81 230.317
124.257 245.27
124.996 242.628
124.996 240.043
126.35 237.788
126.655 243.688
128.688 241.639
132.255 251.022
132.255 261.463
132.255 271.691
132.255 280.486
132.477 279.232
132.477 278.002
132.569 275.484
133.599 289.53
133.608 293.73
134.46 291.588
134.46 289.487
134.538 287.28
134.538 285.113
134.646 287.101
134.646 289.052
134.844 298.915
134.962 303.397
134.962 307.8
136.005 308.184
136.807 305.509
138.378 312.321
138.378 319.015
138.894 316.821
139.04 323.589
139.329 322.597
139.329 321.621
140.382 319.686
140.382 317.782
140.442 318.024
142.163 317.105
142.231 330.269
142.231 343.226
143.277 352.55
144.333 356.863
144.333 361.111
144.694 359.85
144.734 357.153
146.353 356.718
147.662 354.694
148.255 366.084
148.255 376.209
148.255 387.275
148.255 397.099
149.509 394.969
151.096 396.126
152.371 393.424
152.558 391.498
154.502 399.754
154.754 398.79
155.188 397.739
155.888 399.262
155.909 396.551
156.945 395.234
159.148 394.602
159.148 393.978
160.724 391.426
161.291 393.524
161.291 395.594
163.409 393.707
164.17 392.571
170.57 390.985
170.798 393.104
170.798 395.195
172.134 394.33
172.134 393.476
174.572 393.345
178.475 394.254
178.55 398.476
181.727 398.201
182.526 413.362
183.28 417.235
183.28 421.062
184.31 429.307
184.982 434.266
185.505 441.217
185.505 448.088
187.164 453.637
187.164 459.121
188.208 473.585
188.208 487.882
188.208 503.12
188.208 518.185
190.225 517.249
190.225 516.324
190.47 517.733
190.47 519.127
192.973 523.122
192.973 527.072
193.402 528.858
193.402 531.193
193.57 536.327
195.107 537.445
195.177 541.177
195.177 544.869
195.658 542.071
196.031 542.125
196.336 539.564
196.5 540.874
196.905 538.665
196.905 536.304
198.182 534.708
198.182 533.129
198.482 534.891
198.482 536.636
200.346 544.764
200.355 544.55
200.399 549.755
200.665 553.03
200.665 556.272
200.684 555.649
201.095 556.425
201.095 557.194
201.386 560.92
201.386 564.611
201.914 562.1
202.304 561.932
202.304 561.766
202.488 585.186
203.661 582.817
204.504 580.109
205.253 580.294
205.373 583.878
205.479 587.667
205.64 585.143
205.64 582.641
206.245 583.797
206.245 584.943
207.024 582.335
207.024 579.751
207.036 577.664
207.036 575.596
208.237 577.459
208.33 575.645
208.33 573.847
208.516 571.626
208.516 569.425
208.66 566.978
209.368 569.624
209.571 571.113
210.21 571.289
210.858 568.869
211.135 571.275
211.136 572.926
211.845 579.21
212.543 577.273
213.068 574.966
213.068 572.677
213.534 572.404
215.003 573.237
215.003 574.063
215.827 581.872
216.61 579.643
216.61 577.432
217.096 575.766
217.128 576.967
217.303 579.577
217.43 579.929
218.333 583.495
219.237 581.604
219.237 579.727
219.272 577.52
221.124 575.475
221.463 576.371
221.463 577.259
222.625 575.876
222.625 574.503
222.876 573.306
222.876 572.118
223.642 574.459
223.69 573.473
223.69 572.495
223.793 570.402
223.793 568.325
224.598 570.249
226.06 571.894
226.205 569.801
227.439 569.343
227.439 568.888
227.68 590.17
227.68 610.289
227.68 630.263
227.68 651.093
228.22 650.99
228.952 653.225
228.952 655.443
229.732 654.45
230.314 667.227
230.426 665.128
230.426 663.043
230.68 671.76
231.371 669.889
231.379 667.985
231.423 674.946
231.423 681.244
231.423 687.498
231.423 694.321
231.915 692.504
231.915 690.7
232.444 706.551
233.476 713.57
233.95 715.298
234.902 714.718
234.902 714.141
235.064 711.756
236.546 710.47
236.691 710.808
236.691 711.144
236.698 710.337
236.698 709.535
237.118 709.511
237.118 709.487
238.576 709.084
241.195 706.815
243.618 707.065
243.618 707.313
244.928 705.714
245.331 710.294
245.383 708.377
245.383 706.472
246.762 708.309
247.081 714.51
247.276 712.651
247.291 710.859
247.321 711.566
247.321 712.269
248.662 710.696
250.426 717.016
250.568 722.245
251.096 721.757
251.995 719.647
253.529 722.98
253.529 726.292
254.801 724.421
260.779 724.195
261.396 726.172
262.304 724.626
262.304 723.09
263.469 728.114
263.505 734.488
263.877 733.55
265.248 731.813
267.963 733.904
267.963 735.982
269.482 734.08
270.446 732.655
272.723 730.852
272.723 729.059
274.747 726.951
275.088 734.465
275.198 739.367
276.829 751.19
276.829 763.655
276.829 776.049
276.829 787.666
276.845 787.28
277.471 786.044
277.471 784.815
277.591 787.181
277.904 785.774
277.904 784.375
277.904 782.825
277.904 781.283
278.08 788.113
278.08 794.904
280.659 794.736
280.693 803.046
280.693 811.31
281.266 809.1
281.266 806.903
281.596 818.29
281.596 828.95
282.152 827.711
282.152 826.48
283.509 824.583
283.509 822.696
283.718 821.617
283.718 820.544
284.381 818.511
284.381 816.489
284.442 814.85
284.442 813.219
284.938 815.391
285.412 814.144
287.092 816.03
287.131 817.088
288.579 816.512
288.758 816.427
288.758 816.343
289.985 814.323
290.332 812.262
291.511 813.628
291.644 814.736
292.248 819.183
292.453 817.711
292.989 818.015
292.989 818.318
293.062 824.345
293.996 827.275
293.996 830.19
294.015 832.2
294.015 834.2
294.325 839.984
295.005 842.117
295.435 841.019
295.511 838.934
295.742 841.054
296.44 842.168
296.44 843.276
296.78 848.951
296.78 854.598
296.892 859.282
296.956 857.422
297.604 855.894
297.809 856.44
297.91 854.575
297.938 858.338
301.061 858.104
301.075 856.994
302.379 861.916
302.379 867.275
302.417 865.194
302.417 863.123
302.527 863.168
302.565 861.11
302.927 864.098
303.073 871.503
303.577 870.503
304.036 869.589
304.964 868.285
304.964 866.988
305.021 865.631
305.063 865.804
305.606 864.044
305.606 862.291
306.713 869.516
307.42 875.81
307.42 882.074
307.586 887.514
308.742 887.676
312.103 887.362
312.103 887.048
312.425 903.451
312.431 906.693
312.526 908.859
312.61 907.229
314.123 906.451
314.172 905.393
314.996 913.182
315.291 913.318
315.291 913.453
315.342 914.6
315.342 915.742
315.649 925.415
315.851 923.358
315.851 921.31
316.203 927.303
316.588 929.044
316.793 932.143
316.883 931.061
316.883 929.984
317.332 931.144
317.332 932.3
317.954 935.833
318.102 933.802
318.102 931.781
319.159 935.727
319.424 934.043
319.424 932.366
320.192 938.937
321.283 946.775
321.394 946.839
321.394 946.902
321.443 947.86
321.692 946.526
321.847 947.592
321.847 948.654
322.203 948.39
322.378 947.701
322.516 945.784
322.516 943.875
322.698 956.001
322.698 968.683
322.698 980.707
322.698 993.285
322.737 992.549
323.76 991.88
323.76 991.214
323.839 995.995
325.187 998.728
325.187 1,001.45
325.314 1,001
325.848 1,020.16
326.657 1,023.23
326.893 1,021.91
327.746 1,021.58
327.802 1,021.98
328.585 1,026.33
331.045 1,027.06
331.423 1,027.38
334.078 1,030.35
334.078 1,033.3
334.234 1,034.21
334.234 1,035.12
334.307 1,036.95
334.513 1,038.73
334.998 1,037.06
335.104 1,038.55
335.567 1,037.02
335.567 1,035.5
337.27 1,035.1
337.95 1,043.61
337.955 1,044.29
338.01 1,042.81
338.206 1,041.59
338.254 1,050.53
338.896 1,062.2
340.859 1,060.14
341.304 1,058.07
341.639 1,056.38
341.946 1,061.73
342.61 1,059.69
343.058 1,058.69
343.067 1,058.06
345.344 1,058.34
345.344 1,058.62
346.706 1,057.74
350.005 1,055.74
350.555 1,058.08
354.839 1,060.98
354.839 1,063.88
356.619 1,061.89
356.619 1,059.9
356.996 1,058.25
357.059 1,057.5
357.238 1,057.12
357.238 1,056.74
358.174 1,055.31
358.496 1,058.26
358.496 1,061.19
359.071 1,059.68
359.071 1,058.17
360.392 1,062.04
360.911 1,060.36
362.482 1,059.38
363.575 1,057.49
363.575 1,055.6
364.941 1,053.71
364.941 1,051.83
364.973 1,059.52
364.973 1,067.65
364.973 1,075.28
364.973 1,083.35
365.228 1,083.16
365.228 1,082.77
365.896 1,083.9
365.911 1,082.13
365.911 1,080.35
366.591 1,086.53
367.937 1,092.6
367.937 1,098.65
368.467 1,097.77
368.503 1,114.66
368.924 1,116.4
368.937 1,120.99
369.445 1,119.11
369.548 1,120.65
369.57 1,127.22
369.617 1,127.99
369.617 1,128.75
369.618 1,131.3
369.618 1,133.84
370.269 1,134.44
370.415 1,135.81
370.609 1,136.16
370.706 1,140.86
370.706 1,145.54
370.869 1,146.08
371.254 1,148.05
371.254 1,150.03
371.282 1,150.41
371.868 1,148.56
371.904 1,148.35
372.955 1,153.69
373.138 1,152.86
375.04 1,150.89
375.112 1,156.22
376.182 1,160.16
376.244 1,160.55
376.244 1,160.93
377.406 1,164.76
377.771 1,162.8
378.401 1,160.82
378.437 1,160.58
379.025 1,159.29
380.394 1,157.37
382.445 1,157.08
383.317 1,157.55
383.317 1,158.02
384.941 1,156.18
386.035 1,158.54
386.741 1,158.57
387.673 1,156.66
387.673 1,154.75
389.406 1,161.59
389.406 1,168.4
391.518 1,178.24
392.357 1,177.93
392.357 1,177.63
392.729 1,177.76
392.924 1,180.34
392.924 1,183.22
395.744 1,189.53
396.487 1,192.38
397.078 1,196.94
397.507 1,199.43
397.514 1,198.45
397.514 1,197.48
397.601 1,197.36
398.158 1,195.41
398.876 1,194.39
398.876 1,193.38
398.95 1,198.6
399.765 1,201.07
399.795 1,200.94
399.795 1,200.81
400.066 1,212.86
400.153 1,218.36
400.153 1,223.83
400.258 1,224.45
400.729 1,224.88
400.762 1,224.96
401.281 1,223.55
401.281 1,222.15
401.282 1,228.74
402.325 1,227.73
402.325 1,226.73
402.852 1,226.08
402.852 1,225.43
403.816 1,231.58
404.419 1,234.79
405.128 1,233.12
405.128 1,231.45
405.303 1,233.74
405.31 1,233.47
406.278 1,233.76
406.883 1,244.06
406.883 1,254.32
406.919 1,256.31
407.237 1,255.34
407.237 1,254.37
407.818 1,257.4
407.842 1,258.72
408.108 1,259.61
408.551 1,264.06
408.551 1,268.49
408.597 1,267.84
408.597 1,267.18
409.013 1,266.27
410.638 1,266.2
411.145 1,265.59
411.338 1,264.97
412.014 1,272.7
412.014 1,280.84
412.014 1,288.95
412.014 1,296.61
412.213 1,295.41
412.213 1,294.22
412.303 1,296.5
412.303 1,298.78
412.517 1,301.46
413.148 1,300.81
413.441 1,300.56
413.441 1,300.3
413.481 1,300.75
413.785 1,301.85
414.842 1,305.92
415.378 1,307.46
416.001 1,306.46
416.001 1,305.47
416.646 1,303.56
417.279 1,309.66
418.422 1,314.17
418.422 1,318.67
418.643 1,316.72
418.643 1,314.79
420.24 1,314.06
420.692 1,320.51
421.354 1,321.66
421.354 1,322.8
421.458 1,320.89
421.674 1,321.09
421.674 1,321.3
422.1 1,320.44
422.274 1,322.79
422.274 1,325.14
423.757 1,323.98
424.641 1,322.08
424.641 1,320.19
425.124 1,321.3
425.236 1,324.35
425.236 1,327.39
426.117 1,331.49
426.798 1,334.83
426.798 1,338.16
426.856 1,338.32
427.569 1,340.69
427.569 1,342.78
427.569 1,344.87
427.569 1,347.22
427.81 1,345.63
427.925 1,345.81
428.113 1,349.61
428.342 1,352.02
429.904 1,352.13
429.994 1,350.91
432.025 1,349.01
432.23 1,348.05
432.23 1,347.09
432.449 1,347.07
432.449 1,347.06
433.505 1,346.78
433.505 1,346.5
433.657 1,345.5
435.103 1,352.65
435.891 1,353.3
436.146 1,356.97
436.457 1,360.59
436.457 1,364.19
437.065 1,370.69
437.553 1,371.29
437.82 1,371.4
438.318 1,372.14
438.318 1,373.1
438.318 1,373.84
438.318 1,374.8
438.485 1,375.77
438.485 1,376.75
439.017 1,382.2
439.462 1,383.61
440.098 1,383.62
441.012 1,381.93
443.595 1,384.77
444.447 1,384.47
444.612 1,385.58
445.168 1,385.79
445.168 1,386.01
445.783 1,389.64
447.608 1,406.81
448.023 1,414.43
448.516 1,415.61
449.43 1,429.37
449.659 1,427.93
449.659 1,426.49
450.5 1,426.37
451.891 1,428.81
451.891 1,431.25
452.998 1,429.38
454.49 1,433.56
454.49 1,438.05
454.49 1,442.2
454.49 1,446.67
457.33 1,445.38
457.33 1,444.1
457.398 1,445.57
457.742 1,444.76
457.933 1,459.02
458.86 1,460.22
459.424 1,465.5
459.447 1,463.58
459.447 1,461.67
460.232 1,460.62
460.232 1,459.57
460.456 1,460.48
460.456 1,461.38
460.631 1,459.93
460.633 1,462.55
460.633 1,465.17
461.001 1,463.62
461.349 1,462.45
463.245 1,468.88
464.585 1,471.68
464.945 1,469.78
465.146 1,468.44
465.146 1,467.11
467.08 1,465.25
467.202 1,463.73
467.947 1,468.14
468.511 1,478.94
469.233 1,481.53
469.233 1,484.11
471.998 1,484.9
472.935 1,483.02
473.11 1,483.99
473.382 1,483.25
473.382 1,482.51
474.456 1,484.67
474.456 1,486.83
475.127 1,489.31
476.447 1,487.93
477.647 1,496.81
477.647 1,506.07
477.647 1,514.91
477.647 1,524.13
478.186 1,522.22
478.186 1,520.32
482.562 1,524.98
482.629 1,533.54
482.97 1,532.09
482.97 1,530.65
483.932 1,530.38
485.689 1,528.62
488.723 1,526.73
488.723 1,524.85
491.973 1,523.58
491.973 1,522.31
492.014 1,520.44
492.06 1,522.33
492.06 1,524.21
493.46 1,523.23
494.392 1,524.21
494.499 1,523.8
494.499 1,523.39
494.921 1,524.64
495.627 1,535.03
496.179 1,540.26
496.447 1,538.39
496.447 1,536.53
496.79 1,535.42
497.28 1,538.3
497.688 1,537.17
497.688 1,536.05
497.914 1,534.2
497.914 1,532.35
498.202 1,545.21
498.243 1,546.65
498.243 1,548.1
498.299 1,547.76
498.67 1,555.86
498.761 1,558.01
498.761 1,559.92
498.792 1,563.42
499.048 1,562.72
500.112 1,565.32
500.112 1,567.92
501.08 1,566.27
502.623 1,564.43
502.623 1,562.61
502.699 1,563.57
502.699 1,564.52
503.74 1,563.92
503.74 1,563.32
504.278 1,562.77
504.905 1,561.59
506.09 1,568.52
506.57 1,566.81
506.57 1,565.1
506.937 1,569.51
506.937 1,573.91
507.362 1,574.74
508.408 1,578.88
508.875 1,578.2
509.335 1,579.29
509.392 1,580.72
509.979 1,585.94
510.372 1,588.7
511.578 1,591.76
511.625 1,593.68
511.625 1,595.6
512.413 1,596.23
512.413 1,596.85
512.551 1,595.01
513.966 1,601.57
514.241 1,602.87
514.788 1,615.49
515.687 1,619.45
515.692 1,624.58
516.625 1,626.62
517.412 1,639.31
518.29 1,643.82
518.915 1,642.06
519.081 1,653.64
519.081 1,664.78
519.105 1,664.04
519.105 1,663.3
519.237 1,668.78
519.237 1,673.92
520.275 1,678.57
520.275 1,683.21
520.836 1,685.79
521.715 1,687.21
522.585 1,689.23
523.134 1,691.89
523.148 1,692.63
523.148 1,693.18
524.062 1,691.43
524.062 1,689.69
524.141 1,693.02
525.151 1,691.75
526.12 1,695.93
526.325 1,694.15
526.325 1,692.37
528.458 1,694.97
528.914 1,699.09
529.39 1,698.94
529.484 1,704.05
529.553 1,702.36
529.933 1,705
529.933 1,707.63
530.366 1,711.64
531.243 1,729.89
532.386 1,728.17
534.285 1,729.3
536.332 1,740.67
536.332 1,752.45
536.332 1,763.77
536.332 1,775.49
536.907 1,774.95
537.894 1,773.44
538.33 1,775.63
538.45 1,775.42
538.651 1,781.11
539.247 1,790.29
540.244 1,789.18
540.611 1,799.4
541.06 1,797.63
543.191 1,795.99
544.679 1,798.69
545.584 1,796.84
545.584 1,795.01
546.078 1,794.75
547.523 1,792.94
547.523 1,791.13
548.124 1,790.59
548.203 1,792.48
548.97 1,790.61
549.807 1,793.5
549.807 1,796.38
550.324 1,795.09
551.958 1,800.14
552.251 1,804.77
552.585 1,812.39
552.585 1,820
552.62 1,823.47
553.178 1,823.23
553.178 1,822.85
553.418 1,838.78
555.387 1,838.97
555.48 1,838.87
556.423 1,837.02
556.423 1,835.18
556.813 1,836.5
556.984 1,834.64
558.832 1,832.81
562.202 1,835.64
562.342 1,841.63
563.728 1,844.45
566.041 1,844.08
566.199 1,842.22
566.907 1,844.82
570.611 1,843.88
570.611 1,842.83
571.466 1,853.06
573.856 1,855.45
574.142 1,861.24
574.315 1,865.51
574.315 1,869.77
575.904 1,869.49
576.374 1,887.86
576.379 1,886.47
576.379 1,885.08
576.742 1,891.56
579.304 1,893.81
579.939 1,893.55
580.159 1,891.77
580.713 1,895.34
581.641 1,893.41
581.641 1,891.48
581.786 1,894.04
581.786 1,896.6
581.896 1,894.99
584.689 1,893.11
584.954 1,901.18
586.072 1,909.62
586.072 1,918.4
586.072 1,927.16
586.072 1,935.55
588.454 1,933.62
588.454 1,931.69
591.396 1,931.05
592.437 1,932.08
592.437 1,933.11
593.408 1,950.32
593.851 1,950.94
596.09 1,954.68
597.173 1,958.27
597.653 1,958.66
597.653 1,959.04
599.569 1,965.91
600.374 1,973.68
600.503 1,971.82
601.007 1,972.11
601.458 1,971.09
604.22 1,979.77
605.608 1,982.55
606.818 1,981.24
606.818 1,979.94
606.845 1,979.5
607.434 1,986.34
607.434 1,993.18
607.624 1,991.32
608.093 1,990.22
608.471 1,996.28
608.471 2,002.02
608.471 2,007.74
608.471 2,013.77
609.575 2,017.34
610.857 2,025.99
610.857 2,034.27
611.898 2,039.77
611.898 2,045.25
612.159 2,053.94
613.273 2,060.23
613.531 2,077.61
615.588 2,076.75
615.588 2,075.9
616.312 2,076.28
616.383 2,084.11
617.074 2,102.94
617.762 2,106.16
617.762 2,109.13
617.762 2,112.09
617.762 2,115.29
619.792 2,117.77
622.259 2,118.4
622.259 2,119.21
622.783 2,119.77
622.783 2,120.32
625.024 2,128
626.322 2,130.56
626.322 2,133.13
626.556 2,131.7
626.576 2,137.18
627.72 2,143.22
628.378 2,149.68
628.783 2,147.64
628.97 2,145.6
628.97 2,143.56
629.338 2,147.27
629.669 2,150.1
631.903 2,151.78
631.903 2,153.46
632.971 2,158.75
632.971 2,164.03
633.855 2,168.93
633.855 2,173.83
634.148 2,172.84
634.148 2,171.85
634.303 2,178.67
636.742 2,177.91
636.742 2,177.15
638 2,177.5
639.111 2,176.79
639.495 2,185.09
639.495 2,193.04
639.495 2,200.97
639.495 2,209.23
639.639 2,209.32
641.935 2,210.03
641.935 2,210.73
641.939 2,208.91
643.551 2,207.72
644.847 2,205.77
645.136 2,204.8
645.136 2,203.84
647.327 2,205.19
647.327 2,206.54
647.799 2,207.92
649.051 2,220.99
649.148 2,222.51
649.148 2,224.03
651.296 2,238.57
653.573 2,248.27
655.364 2,250.16
656.931 2,255.42
656.931 2,260.66
656.952 2,259.21
657.746 2,260.08
657.746 2,260.95
658.974 2,259.08
658.974 2,257.2
659.612 2,265.32
659.612 2,273.76
664.455 2,287.26
665.512 2,301.96
666.432 2,303.41
668.749 2,318.29
669.171 2,317.49
669.171 2,316.68
669.621 2,314.84
669.621 2,312.99
671.306 2,311.56
671.306 2,310.13
672.524 2,308.39
673.581 2,316.28
673.94 2,314.86
673.94 2,313.44
675.063 2,322.81
675.12 2,324.81
675.12 2,326.81
675.903 2,335.46
681.111 2,337.11
683.404 2,341.72
684.665 2,346.91
685.124 2,345.46
685.17 2,344.26
685.17 2,343.17
685.296 2,342.2
685.296 2,341.23
689.145 2,347.3
690.44 2,345.51
692.603 2,357.53
693.498 2,368.33
693.498 2,379.48
693.89 2,384.5
698.66 2,388.82
698.66 2,393.14
699.008 2,391.01
699.119 2,393.06
702.052 2,397.07
704.228 2,395.1
705.104 2,406.45
705.992 2,408.48
707.636 2,421.67
707.825 2,422.09
707.825 2,422.5
708.25 2,421.73
708.25 2,420.97
709.725 2,427.86
711.709 2,436.53
711.709 2,444.84
713.028 2,447.42
713.047 2,445.32
713.047 2,443.22
713.258 2,441.67
713.258 2,440.12
713.535 2,444.36
713.824 2,442.78
713.824 2,441.19
716.797 2,440.94
721.269 2,453.09
721.269 2,465.6
721.362 2,463.72
721.362 2,461.79
721.362 2,459.86
721.362 2,457.99
724.417 2,465.53
724.417 2,473.37
724.995 2,476.03
729.364 2,477.29
729.671 2,486.97
729.671 2,497
729.694 2,517.57
730.177 2,539.68
732.298 2,545.12
733.677 2,548
733.677 2,550.87
733.982 2,548.68
734.202 2,549.04
737.499 2,547.82
741.943 2,554.5
743.873 2,557.15
746.541 2,560.58
746.541 2,564.25
756.212 2,564.96
756.212 2,565.67
759.689 2,564.96
767.015 2,562.77
769.835 2,562.8
770.739 2,560.62
770.739 2,558.44
771.076 2,557.02
771.076 2,555.61
772.284 2,557.8
778.768 2,558.94
778.768 2,560.09
779.629 2,567.12
779.629 2,574.46
779.629 2,581.78
779.629 2,588.78
782 2,587.03
782.237 2,603.91
787.691 2,601.76
787.691 2,599.62
791.882 2,619.19
804.076 2,619.06
804.076 2,618.94
804.752 2,616.74
804.752 2,614.55
808.283 2,614.23
812.395 2,612.62
813.585 2,614.59
813.585 2,616.55
814.845 2,614.64
814.845 2,612.73
819.738 2,631.53
822.243 2,631.41
822.243 2,631.3
826.499 2,634.09
826.499 2,637.1
826.499 2,640.1
826.499 2,642.87
835.965 2,641.93
835.965 2,640.99
840.145 2,639.41
840.145 2,637.83
841.233 2,635.69
884.521 2,635.08
884.521 2,634.47
886.149 2,632.73
886.149 2,630.99
897.616 2,630.43
897.616 2,629.88
897.616 2,629.21
897.616 2,628.53
922.537 2,627.42
922.537 2,626.32
978.573 2,624.23
978.573 2,622.15
991.646 2,620.12
991.646 2,618.1
