0 170.01
0 170.01
0 170.01
0 170.01
0 170.01
0 170.01
0 170.01
0 170.01
0 170.01
0 170.01
0 170.01
0 170.01
0 170.01
0 170.01
0 170.01
0 170.01
0 170.01
0 170.01
0 170.01
0 170.01
0 170.01
0 170.01
0 170.01
0 170.01
0 170.01
0 170.01
0 170.01
54.4508 194.592
57.9132 197.802
61.8489 201.685
61.8489 201.685
69.878 210.381
74.7642 216.176
77.5628 219.666
77.5628 219.666
77.6065 219.721
77.6065 219.721
81.3335 224.563
82.4156 226.01
82.7131 226.411
82.9271 226.7
87.017 232.367
87.017 232.367
88.9596 235.149
88.9596 235.149
89.2656 235.593
92.6737 240.632
92.6737 240.632
93.2607 241.518
94.2382 243.006
94.2382 243.006
94.5405 243.469
96.1832 246.009
96.1832 246.009
96.3399 246.253
96.5913 246.646
97.3142 247.782
97.3144 247.782
98.1516 249.107
99.6961 251.579
99.6961 251.579
100.176 252.355
100.176 252.355
100.509 252.895
100.509 252.895
102.34 255.896
102.34 255.896
102.513 256.183
102.513 256.183
102.617 256.355
103.282 257.459
105.818 261.736
106.049 262.13
106.049 262.13
106.852 263.507
106.852 263.507
107.185 264.082
107.442 264.526
108.928 267.111
109.348 267.849
110.966 270.714
110.966 270.714
111.726 272.073
112.777 273.967
116.964 281.671
118.413 284.398
118.413 284.398
123.81 294.825
123.81 294.825
124.257 295.708
124.996 297.173
124.996 297.173
126.35 299.878
126.655 300.492
128.688 304.612
132.255 311.985
132.255 311.985
132.255 311.985
132.255 311.985
132.477 312.449
132.477 312.449
132.569 312.642
133.599 314.81
133.608 314.829
134.46 316.632
134.46 316.632
134.538 316.798
134.538 316.798
134.646 317.029
134.646 317.029
134.844 317.45
134.962 317.701
134.962 317.701
136.005 319.93
136.807 321.656
138.378 325.06
138.378 325.06
138.894 326.187
139.04 326.507
139.329 327.139
139.329 327.139
140.382 329.454
140.382 329.454
140.442 329.588
142.163 333.405
142.231 333.559
142.231 333.559
143.277 335.9
144.333 338.279
144.333 338.279
144.694 339.098
144.734 339.189
146.353 342.875
147.662 345.883
148.255 347.253
148.255 347.253
148.255 347.253
148.255 347.253
149.509 350.167
151.096 353.884
152.371 356.896
152.558 357.34
154.502 361.978
154.754 362.583
155.188 363.627
155.888 365.315
155.909 365.366
156.945 367.877
159.148 373.266
159.148 373.266
160.724 377.16
161.291 378.57
161.291 378.57
163.409 383.871
164.17 385.787
170.57 402.219
170.798 402.813
170.798 402.813
172.134 406.313
172.134 406.313
174.572 412.757
178.475 423.228
178.55 423.43
181.727 432.096
182.526 434.295
183.28 436.375
183.28 436.375
184.31 439.231
184.982 441.101
185.505 442.559
185.505 442.559
187.164 447.207
187.164 447.207
188.208 450.15
188.208 450.15
188.208 450.15
188.208 450.15
190.225 455.872
190.225 455.872
190.47 456.57
190.47 456.57
192.973 463.746
192.973 463.746
193.402 464.982
193.402 464.982
193.57 465.466
195.107 469.919
195.177 470.123
195.177 470.123
195.658 471.522
196.031 472.609
196.336 473.498
196.5 473.977
196.905 475.163
196.905 475.163
198.182 478.908
198.182 478.908
198.482 479.793
198.482 479.793
200.346 485.299
200.355 485.327
200.399 485.457
200.665 486.246
200.665 486.246
200.684 486.302
201.095 487.525
201.095 487.525
201.386 488.389
201.386 488.389
201.914 489.965
202.304 491.129
202.304 491.129
202.488 491.677
203.661 495.193
204.504 497.728
205.253 499.988
205.373 500.35
205.479 500.67
205.64 501.158
205.64 501.158
206.245 502.99
206.245 502.99
207.024 505.355
207.024 505.355
207.036 505.391
207.036 505.391
208.237 509.05
208.33 509.334
208.33 509.334
208.516 509.9
208.516 509.9
208.66 510.343
209.368 512.509
209.571 513.132
210.21 515.095
210.858 517.091
211.135 517.945
211.136 517.948
211.845 520.138
212.543 522.299
213.068 523.927
213.068 523.927
213.534 525.376
215.003 529.957
215.003 529.957
215.827 532.535
216.61 534.992
216.61 534.992
217.096 536.524
217.128 536.623
217.303 537.176
217.43 537.575
218.333 540.423
219.237 543.288
219.237 543.288
219.272 543.399
221.124 549.286
221.463 550.37
221.463 550.37
222.625 554.087
222.625 554.087
222.876 554.892
222.876 554.892
223.642 557.354
223.69 557.508
223.69 557.508
223.793 557.837
223.793 557.837
224.598 560.431
226.06 565.159
226.205 565.628
227.439 569.636
227.439 569.636
227.68 570.419
227.68 570.419
227.68 570.419
227.68 570.419
228.22 572.18
228.952 574.571
228.952 574.571
229.732 577.124
230.314 579.033
230.426 579.399
230.426 579.399
230.68 580.235
231.371 582.508
231.379 582.534
231.423 582.678
231.423 582.678
231.423 582.678
231.423 582.678
231.915 584.3
231.915 584.3
232.444 586.047
233.476 589.458
233.95 591.032
234.902 594.194
234.902 594.194
235.064 594.732
236.546 599.677
236.691 600.159
236.691 600.159
236.698 600.185
236.698 600.185
237.118 601.59
237.118 601.59
238.576 606.48
241.195 615.319
243.618 623.549
243.618 623.549
244.928 628.022
245.331 629.402
245.383 629.578
245.383 629.578
246.762 634.311
247.081 635.408
247.276 636.078
247.291 636.127
247.321 636.233
247.321 636.233
248.662 640.853
250.426 646.962
250.568 647.454
251.096 649.287
251.995 652.414
253.529 657.769
253.529 657.769
254.801 662.22
260.779 683.337
261.396 685.531
262.304 688.771
262.304 688.771
263.469 692.931
263.505 693.061
263.877 694.393
265.248 699.313
267.963 709.097
267.963 709.097
269.482 714.595
270.446 718.095
272.723 726.387
272.723 726.387
274.747 733.792
275.088 735.043
275.198 735.444
276.829 741.441
276.829 741.441
276.829 741.441
276.829 741.441
276.845 741.499
277.471 743.805
277.471 743.805
277.591 744.248
277.904 745.401
277.904 745.401
277.904 745.401
277.904 745.401
278.08 746.05
278.08 746.05
280.659 755.591
280.693 755.717
280.693 755.717
281.266 757.847
281.266 757.847
281.596 759.069
281.596 759.069
282.152 761.139
282.152 761.139
283.509 766.191
283.509 766.191
283.718 766.97
283.718 766.97
284.381 769.445
284.381 769.445
284.442 769.675
284.442 769.675
284.938 771.526
285.412 773.301
287.092 779.596
287.131 779.743
288.579 785.184
288.758 785.857
288.758 785.857
289.985 790.481
290.332 791.792
291.511 796.249
291.644 796.752
292.248 799.037
292.453 799.815
292.989 801.846
292.989 801.846
293.062 802.123
293.996 805.668
293.996 805.668
294.015 805.738
294.015 805.738
294.325 806.915
295.005 809.505
295.435 811.142
295.511 811.427
295.742 812.31
296.44 814.971
296.44 814.971
296.78 816.267
296.78 816.267
296.892 816.693
296.956 816.94
297.604 819.412
297.809 820.196
297.91 820.584
297.938 820.692
301.061 832.659
301.075 832.712
302.379 837.73
302.379 837.73
302.417 837.876
302.417 837.876
302.527 838.299
302.565 838.445
302.927 839.839
303.073 840.402
303.577 842.344
304.036 844.117
304.964 847.7
304.964 847.7
305.021 847.92
305.063 848.083
305.606 850.184
305.606 850.184
306.713 854.469
307.42 857.211
307.42 857.211
307.586 857.854
308.742 862.345
312.103 875.436
312.103 875.436
312.425 876.694
312.431 876.718
312.526 877.089
312.61 877.416
314.123 883.334
314.172 883.528
314.996 886.755
315.291 887.912
315.291 887.912
315.342 888.112
315.342 888.112
315.649 889.316
315.851 890.107
315.851 890.107
316.203 891.491
316.588 893.003
316.793 893.808
316.883 894.162
316.883 894.162
317.332 895.927
317.332 895.927
317.954 898.375
318.102 898.956
318.102 898.956
319.159 903.119
319.424 904.163
319.424 904.163
320.192 907.192
321.283 911.499
321.394 911.939
321.394 911.939
321.443 912.132
321.692 913.119
321.847 913.73
321.847 913.73
322.203 915.137
322.378 915.832
322.516 916.376
322.516 916.376
322.698 917.096
322.698 917.096
322.698 917.096
322.698 917.096
322.737 917.249
323.76 921.302
323.76 921.302
323.839 921.615
325.187 926.965
325.187 926.965
325.314 927.466
325.848 929.587
326.657 932.804
326.893 933.742
327.746 937.139
327.802 937.361
328.585 940.478
331.045 950.295
331.423 951.809
334.078 962.437
334.078 962.437
334.234 963.063
334.234 963.063
334.307 963.353
334.513 964.182
334.998 966.125
335.104 966.551
335.567 968.41
335.567 968.41
337.27 975.255
337.95 977.992
337.955 978.01
338.01 978.231
338.206 979.019
338.254 979.212
338.896 981.798
340.859 989.712
341.304 991.508
341.639 992.861
341.946 994.101
342.61 996.784
343.058 998.598
343.067 998.634
345.344 1,007.85
345.344 1,007.85
346.706 1,013.37
350.005 1,026.77
350.555 1,029.01
354.839 1,046.48
354.839 1,046.48
356.619 1,053.75
356.619 1,053.75
356.996 1,055.29
357.059 1,055.54
357.238 1,056.28
357.238 1,056.28
358.174 1,060.11
358.496 1,061.42
358.496 1,061.42
359.071 1,063.78
359.071 1,063.78
360.392 1,069.19
360.911 1,071.32
362.482 1,077.76
363.575 1,082.25
363.575 1,082.25
364.941 1,087.86
364.941 1,087.86
364.973 1,088
364.973 1,088
364.973 1,088
364.973 1,088
365.228 1,089.04
365.228 1,089.04
365.896 1,091.79
365.911 1,091.85
365.911 1,091.85
366.591 1,094.65
367.937 1,100.19
367.937 1,100.19
368.467 1,102.37
368.503 1,102.52
368.924 1,104.25
368.937 1,104.31
369.445 1,106.4
369.548 1,106.82
369.57 1,106.91
369.617 1,107.11
369.617 1,107.11
369.618 1,107.11
369.618 1,107.11
370.269 1,109.8
370.415 1,110.4
370.609 1,111.2
370.706 1,111.6
370.706 1,111.6
370.869 1,112.27
371.254 1,113.86
371.254 1,113.86
371.282 1,113.97
371.868 1,116.39
371.904 1,116.54
372.955 1,120.88
373.138 1,121.63
375.04 1,129.49
375.112 1,129.79
376.182 1,134.21
376.244 1,134.47
376.244 1,134.47
377.406 1,139.27
377.771 1,140.78
378.401 1,143.39
378.437 1,143.54
379.025 1,145.97
380.394 1,151.64
382.445 1,160.14
383.317 1,163.76
383.317 1,163.76
384.941 1,170.49
386.035 1,175.03
386.741 1,177.96
387.673 1,181.83
387.673 1,181.83
389.406 1,189.03
389.406 1,189.03
391.518 1,197.81
392.357 1,201.3
392.357 1,201.3
392.729 1,202.84
392.924 1,203.65
392.924 1,203.65
395.744 1,215.38
396.487 1,218.48
397.078 1,220.93
397.507 1,222.72
397.514 1,222.75
397.514 1,222.75
397.601 1,223.11
398.158 1,225.43
398.876 1,228.42
398.876 1,228.42
398.95 1,228.73
399.765 1,232.12
399.795 1,232.25
399.795 1,232.25
400.066 1,233.37
400.153 1,233.74
400.153 1,233.74
400.258 1,234.17
400.729 1,236.13
400.762 1,236.27
401.281 1,238.43
401.281 1,238.43
401.282 1,238.44
402.325 1,242.78
402.325 1,242.78
402.852 1,244.98
402.852 1,244.98
403.816 1,248.99
404.419 1,251.5
405.128 1,254.46
405.128 1,254.46
405.303 1,255.19
405.31 1,255.22
406.278 1,259.25
406.883 1,261.77
406.883 1,261.77
406.919 1,261.92
407.237 1,263.25
407.237 1,263.25
407.818 1,265.67
407.842 1,265.77
408.108 1,266.88
408.551 1,268.72
408.551 1,268.72
408.597 1,268.91
408.597 1,268.91
409.013 1,270.65
410.638 1,277.42
411.145 1,279.54
411.338 1,280.34
412.014 1,283.16
412.014 1,283.16
412.014 1,283.16
412.014 1,283.16
412.213 1,283.99
412.213 1,283.99
412.303 1,284.36
412.303 1,284.36
412.517 1,285.25
413.148 1,287.89
413.441 1,289.11
413.441 1,289.11
413.481 1,289.27
413.785 1,290.54
414.842 1,294.94
415.378 1,297.18
416.001 1,299.78
416.001 1,299.78
416.646 1,302.46
417.279 1,305.1
418.422 1,309.86
418.422 1,309.86
418.643 1,310.78
418.643 1,310.78
420.24 1,317.44
420.692 1,319.32
421.354 1,322.08
421.354 1,322.08
421.458 1,322.52
421.674 1,323.42
421.674 1,323.42
422.1 1,325.19
422.274 1,325.91
422.274 1,325.91
423.757 1,332.09
424.641 1,335.77
424.641 1,335.77
425.124 1,337.78
425.236 1,338.25
425.236 1,338.25
426.117 1,341.92
426.798 1,344.76
426.798 1,344.76
426.856 1,345
427.569 1,347.96
427.569 1,347.96
427.569 1,347.96
427.569 1,347.96
427.81 1,348.97
427.925 1,349.45
428.113 1,350.23
428.342 1,351.18
429.904 1,357.68
429.994 1,358.06
432.025 1,366.5
432.23 1,367.36
432.23 1,367.36
432.449 1,368.27
432.449 1,368.27
433.505 1,372.66
433.505 1,372.66
433.657 1,373.29
435.103 1,379.3
435.891 1,382.58
436.146 1,383.64
436.457 1,384.93
436.457 1,384.93
437.065 1,387.45
437.553 1,389.48
437.82 1,390.59
438.318 1,392.66
438.318 1,392.66
438.318 1,392.66
438.318 1,392.66
438.485 1,393.35
438.485 1,393.35
439.017 1,395.56
439.462 1,397.41
440.098 1,400.05
441.012 1,403.84
443.595 1,414.55
444.447 1,418.08
444.612 1,418.77
445.168 1,421.07
445.168 1,421.07
445.783 1,423.62
447.608 1,431.17
448.023 1,432.89
448.516 1,434.93
449.43 1,438.71
449.659 1,439.66
449.659 1,439.66
450.5 1,443.14
451.891 1,448.89
451.891 1,448.89
452.998 1,453.46
454.49 1,459.61
454.49 1,459.61
454.49 1,459.61
454.49 1,459.61
457.33 1,471.33
457.33 1,471.33
457.398 1,471.61
457.742 1,473.03
457.933 1,473.81
458.86 1,477.63
459.424 1,479.95
459.447 1,480.05
459.447 1,480.05
460.232 1,483.28
460.232 1,483.28
460.456 1,484.2
460.456 1,484.2
460.631 1,484.92
460.633 1,484.93
460.633 1,484.93
461.001 1,486.44
461.349 1,487.87
463.245 1,495.67
464.585 1,501.17
464.945 1,502.65
465.146 1,503.47
465.146 1,503.47
467.08 1,511.4
467.202 1,511.9
467.947 1,514.96
468.511 1,517.26
469.233 1,520.22
469.233 1,520.22
471.998 1,531.53
472.935 1,535.36
473.11 1,536.07
473.382 1,537.18
473.382 1,537.18
474.456 1,541.57
474.456 1,541.57
475.127 1,544.3
476.447 1,549.68
477.647 1,554.57
477.647 1,554.57
477.647 1,554.57
477.647 1,554.57
478.186 1,556.76
478.186 1,556.76
482.562 1,574.54
482.629 1,574.81
482.97 1,576.2
482.97 1,576.2
483.932 1,580.09
485.689 1,587.21
488.723 1,599.47
488.723 1,599.47
491.973 1,612.57
491.973 1,612.57
492.014 1,612.73
492.06 1,612.92
492.06 1,612.92
493.46 1,618.55
494.392 1,622.3
494.499 1,622.73
494.499 1,622.73
494.921 1,624.42
495.627 1,627.25
496.179 1,629.47
496.447 1,630.54
496.447 1,630.54
496.79 1,631.92
497.28 1,633.88
497.688 1,635.52
497.688 1,635.52
497.914 1,636.42
497.914 1,636.42
498.202 1,637.57
498.243 1,637.74
498.243 1,637.74
498.299 1,637.96
498.67 1,639.44
498.761 1,639.81
498.761 1,639.81
498.792 1,639.93
499.048 1,640.96
500.112 1,645.21
500.112 1,645.21
501.08 1,649.08
502.623 1,655.24
502.623 1,655.24
502.699 1,655.54
502.699 1,655.54
503.74 1,659.68
503.74 1,659.68
504.278 1,661.83
504.905 1,664.32
506.09 1,669.03
506.57 1,670.94
506.57 1,670.94
506.937 1,672.39
506.937 1,672.39
507.362 1,674.08
508.408 1,678.23
508.875 1,680.08
509.335 1,681.9
509.392 1,682.13
509.979 1,684.45
510.372 1,686
511.578 1,690.77
511.625 1,690.96
511.625 1,690.96
512.413 1,694.07
512.413 1,694.07
512.551 1,694.61
513.966 1,700.19
514.241 1,701.28
514.788 1,703.43
515.687 1,706.97
515.692 1,706.99
516.625 1,710.66
517.412 1,713.75
518.29 1,717.19
518.915 1,719.64
519.081 1,720.29
519.081 1,720.29
519.105 1,720.39
519.105 1,720.39
519.237 1,720.9
519.237 1,720.9
520.275 1,724.97
520.275 1,724.97
520.836 1,727.16
521.715 1,730.6
522.585 1,734
523.134 1,736.14
523.148 1,736.19
523.148 1,736.19
524.062 1,739.76
524.062 1,739.76
524.141 1,740.06
525.151 1,744
526.12 1,747.76
526.325 1,748.56
526.325 1,748.56
528.458 1,756.84
528.914 1,758.6
529.39 1,760.45
529.484 1,760.81
529.553 1,761.08
529.933 1,762.55
529.933 1,762.55
530.366 1,764.23
531.243 1,767.62
532.386 1,772.03
534.285 1,779.34
536.332 1,787.21
536.332 1,787.21
536.332 1,787.21
536.332 1,787.21
536.907 1,789.41
537.894 1,793.2
538.33 1,794.86
538.45 1,795.33
538.651 1,796.1
539.247 1,798.38
540.244 1,802.18
540.611 1,803.59
541.06 1,805.3
543.191 1,813.41
544.679 1,819.07
545.584 1,822.5
545.584 1,822.5
546.078 1,824.37
547.523 1,829.84
547.523 1,829.84
548.124 1,832.11
548.203 1,832.41
548.97 1,835.31
549.807 1,838.46
549.807 1,838.46
550.324 1,840.41
551.958 1,846.56
552.251 1,847.66
552.585 1,848.91
552.585 1,848.91
552.62 1,849.04
553.178 1,851.14
553.178 1,851.14
553.418 1,852.04
555.387 1,859.41
555.48 1,859.76
556.423 1,863.28
556.423 1,863.28
556.813 1,864.74
556.984 1,865.37
558.832 1,872.26
562.202 1,884.76
562.342 1,885.28
563.728 1,890.4
566.041 1,898.93
566.199 1,899.51
566.907 1,902.11
570.611 1,915.68
570.611 1,915.68
571.466 1,918.8
573.856 1,927.5
574.142 1,928.54
574.315 1,929.17
574.315 1,929.17
575.904 1,934.93
576.374 1,936.63
576.379 1,936.65
576.379 1,936.65
576.742 1,937.96
579.304 1,947.21
579.939 1,949.49
580.159 1,950.29
580.713 1,952.28
581.641 1,955.61
581.641 1,955.61
581.786 1,956.13
581.786 1,956.13
581.896 1,956.52
584.689 1,966.51
584.954 1,967.46
586.072 1,971.44
586.072 1,971.44
586.072 1,971.44
586.072 1,971.44
588.454 1,979.9
588.454 1,979.9
591.396 1,990.3
592.437 1,993.97
592.437 1,993.97
593.408 1,997.39
593.851 1,998.94
596.09 2,006.79
597.173 2,010.57
597.653 2,012.24
597.653 2,012.24
599.569 2,018.91
600.374 2,021.71
600.503 2,022.16
601.007 2,023.9
601.458 2,025.46
604.22 2,035
605.608 2,039.78
606.818 2,043.93
606.818 2,043.93
606.845 2,044.02
607.434 2,046.04
607.434 2,046.04
607.624 2,046.69
608.093 2,048.29
608.471 2,049.58
608.471 2,049.58
608.471 2,049.58
608.471 2,049.58
609.575 2,053.35
610.857 2,057.72
610.857 2,057.72
611.898 2,061.26
611.898 2,061.26
612.159 2,062.14
613.273 2,065.91
613.531 2,066.79
615.588 2,073.73
615.588 2,073.73
616.312 2,076.17
616.383 2,076.41
617.074 2,078.73
617.762 2,081.04
617.762 2,081.04
617.762 2,081.04
617.762 2,081.04
619.792 2,087.84
622.259 2,096.06
622.259 2,096.06
622.783 2,097.8
622.783 2,097.8
625.024 2,105.22
626.322 2,109.5
626.322 2,109.5
626.556 2,110.28
626.576 2,110.34
627.72 2,114.11
628.378 2,116.27
628.783 2,117.6
628.97 2,118.21
628.97 2,118.21
629.338 2,119.41
629.669 2,120.5
631.903 2,127.79
631.903 2,127.79
632.971 2,131.27
632.971 2,131.27
633.855 2,134.14
633.855 2,134.14
634.148 2,135.09
634.148 2,135.09
634.303 2,135.59
636.742 2,143.48
636.742 2,143.48
638 2,147.53
639.111 2,151.09
639.495 2,152.32
639.495 2,152.32
639.495 2,152.32
639.495 2,152.32
639.639 2,152.79
641.935 2,160.12
641.935 2,160.12
641.939 2,160.14
643.551 2,165.27
644.847 2,169.37
645.136 2,170.29
645.136 2,170.29
647.327 2,177.21
647.327 2,177.21
647.799 2,178.7
649.051 2,182.63
649.148 2,182.93
649.148 2,182.93
651.296 2,189.65
653.573 2,196.74
655.364 2,202.29
656.931 2,207.12
656.931 2,207.12
656.952 2,207.19
657.746 2,209.63
657.746 2,209.63
658.974 2,213.4
658.974 2,213.4
659.612 2,215.36
659.612 2,215.36
664.455 2,230.1
665.512 2,233.29
666.432 2,236.07
668.749 2,243.03
669.171 2,244.29
669.171 2,244.29
669.621 2,245.64
669.621 2,245.64
671.306 2,250.66
671.306 2,250.66
672.524 2,254.28
673.581 2,257.41
673.94 2,258.47
673.94 2,258.47
675.063 2,261.79
675.12 2,261.96
675.12 2,261.96
675.903 2,264.27
681.111 2,279.49
683.404 2,286.13
684.665 2,289.77
685.124 2,291.09
685.17 2,291.22
685.17 2,291.22
685.296 2,291.58
685.296 2,291.58
689.145 2,302.59
690.44 2,306.27
692.603 2,312.38
693.498 2,314.91
693.498 2,314.91
693.89 2,316.01
698.66 2,329.33
698.66 2,329.33
699.008 2,330.29
699.119 2,330.6
702.052 2,338.7
704.228 2,344.66
705.104 2,347.05
705.992 2,349.47
707.636 2,353.93
707.825 2,354.45
707.825 2,354.45
708.25 2,355.6
708.25 2,355.6
709.725 2,359.58
711.709 2,364.91
711.709 2,364.91
713.028 2,368.43
713.047 2,368.48
713.047 2,368.48
713.258 2,369.04
713.258 2,369.04
713.535 2,369.78
713.824 2,370.55
713.824 2,370.55
716.797 2,378.43
721.269 2,390.17
721.269 2,390.17
721.362 2,390.41
721.362 2,390.41
721.362 2,390.41
721.362 2,390.41
724.417 2,398.34
724.417 2,398.34
724.995 2,399.83
729.364 2,411.03
729.671 2,411.81
729.671 2,411.81
729.694 2,411.87
730.177 2,413.09
732.298 2,418.47
733.677 2,421.94
733.677 2,421.94
733.982 2,422.71
734.202 2,423.26
737.499 2,431.5
741.943 2,442.48
743.873 2,447.2
746.541 2,453.68
746.541 2,453.68
756.212 2,476.74
756.212 2,476.74
759.689 2,484.86
767.015 2,501.68
769.835 2,508.06
770.739 2,510.09
770.739 2,510.09
771.076 2,510.84
771.076 2,510.84
772.284 2,513.54
778.768 2,527.86
778.768 2,527.86
779.629 2,529.74
779.629 2,529.74
779.629 2,529.74
779.629 2,529.74
782 2,534.89
782.237 2,535.4
787.691 2,547.07
787.691 2,547.07
791.882 2,555.9
804.076 2,580.88
804.076 2,580.88
804.752 2,582.23
804.752 2,582.23
808.283 2,589.25
812.395 2,597.32
813.585 2,599.63
813.585 2,599.63
814.845 2,602.07
814.845 2,602.07
819.738 2,611.44
822.243 2,616.17
822.243 2,616.17
826.499 2,624.11
826.499 2,624.11
826.499 2,624.11
826.499 2,624.11
835.965 2,641.34
835.965 2,641.34
840.145 2,648.75
840.145 2,648.75
841.233 2,650.67
884.521 2,720.57
884.521 2,720.57
886.149 2,722.97
886.149 2,722.97
897.616 2,739.45
897.616 2,739.45
897.616 2,739.45
897.616 2,739.45
922.537 2,772.63
922.537 2,772.63
978.573 2,835.2
978.573 2,835.2
991.646 2,847.61
991.646 2,847.61
