0 0
0 0
0 0
0 0
0 0
0 0
0 0
0 0
0 0
0 1.12225
0 1.02023
0 0.935208
0 0.863269
0 0.801607
0 0.748167
0 0.701406
0 1.32029
0 1.24694
0 1.18132
0 1.12225
0 1.06881
0 1.02023
0 0.97587
0 0.935208
0 0.8978
0 0.863269
54.4508 5.64463
57.9132 18.3359
61.8489 55.2553
61.8489 89.7135
69.878 88.7321
74.7642 97.842
77.5628 112.332
77.5628 131.028
77.6065 137.872
77.6065 144.336
81.3335 141.209
82.4156 149.32
82.7131 145.549
82.9271 142.81
87.017 149.879
87.017 156.612
88.9596 152.979
88.9596 149.512
89.2656 161.736
92.6737 185.156
92.6737 207.579
93.2607 214.516
94.2382 210.498
94.2382 206.641
94.5405 205.182
96.1832 201.372
96.1832 197.705
96.3399 205.479
96.5913 212.881
97.3142 215.939
97.3144 225.13
98.1516 225.858
99.6961 222.044
99.6961 218.356
100.176 215.17
100.176 212.087
100.509 213.201
100.509 214.279
102.34 216.833
102.34 219.309
102.513 216.746
102.513 214.259
102.617 217.606
103.282 214.709
105.818 211.688
106.049 208.75
106.049 205.891
106.852 203.111
106.852 200.405
107.185 209.928
107.442 208.527
108.928 206.019
110.966 204.943
110.966 203.894
111.726 205.602
112.777 205.485
116.964 203.012
118.413 201.647
118.413 200.314
123.81 200.924
123.81 201.521
124.257 216.961
124.996 214.751
124.996 212.589
126.35 210.309
126.655 208.511
128.688 207.092
132.255 210.64
132.255 215.87
132.255 219.253
132.255 224.287
132.477 221.999
132.477 219.757
132.569 217.884
133.599 251.43
133.608 252.43
134.46 251.882
134.46 251.345
134.538 248.989
134.538 246.678
134.646 247.693
134.646 248.69
134.844 260.398
134.962 261.722
134.962 263.022
136.005 261.463
136.807 264.418
138.378 267.581
138.378 270.689
138.894 268.355
139.04 276.833
139.329 274.64
139.329 272.484
140.382 279.015
140.382 285.439
140.442 283.247
142.163 282.91
142.231 300.629
142.231 318.064
143.277 317.888
144.333 321.427
144.333 324.91
144.694 325.697
144.734 323.196
146.353 320.904
147.662 318.521
148.255 332.629
148.255 346.527
148.255 357.977
148.255 369.258
149.509 367.042
152.371 364.461
154.754 363.249
155.188 360.809
156.945 364.173
159.148 362.285
159.148 360.423
160.724 359.076
161.291 357.609
161.291 356.163
163.409 356.118
164.17 359.895
170.57 358.185
170.798 359.339
170.798 360.478
172.134 358.984
172.134 357.509
174.572 356.553
178.475 366.886
178.55 381.044
181.727 385.241
182.526 391.097
183.28 402.383
183.28 413.528
184.31 425.903
184.982 444.363
185.505 446.761
185.505 449.129
187.164 450.41
187.164 451.676
188.208 470.241
188.208 488.586
188.208 504.417
188.208 520.062
190.225 517.182
190.225 514.336
190.47 516.107
190.47 517.858
192.973 517.301
192.973 516.749
193.402 515.816
193.402 515.662
193.57 519.684
195.177 525.887
195.177 532.021
195.658 529.588
196.031 537.274
196.336 536.154
196.5 541.541
196.905 538.711
196.905 536.111
198.182 534.604
198.182 533.113
198.482 531.802
198.482 530.504
200.346 533.78
200.399 539.83
200.665 548.41
200.665 556.902
200.684 560.011
201.095 567.539
201.095 574.991
201.386 576.489
201.386 577.973
201.914 575.4
202.304 573.741
202.304 572.098
202.488 589.845
203.661 587.994
204.504 585.61
205.253 585.004
205.373 592.014
205.479 592.541
205.64 589.728
205.64 586.941
206.245 585.198
206.245 583.472
207.024 580.841
207.024 578.233
207.036 576.633
207.036 575.047
208.237 573.49
208.33 572.335
208.33 571.19
208.516 570.46
208.516 569.738
208.66 567.255
209.368 566.691
209.571 569.539
210.21 576.773
210.858 575.659
211.135 583.303
211.136 583.663
211.845 599.466
212.543 598.274
213.068 595.743
213.068 593.235
213.534 595.339
215.003 595.476
215.003 595.612
215.827 614.189
216.61 613.969
216.61 613.75
217.096 612.194
217.128 612.491
217.303 613.918
218.333 614.121
219.237 611.627
219.237 609.154
219.272 608.248
221.124 610.114
221.463 611.259
221.463 612.395
222.625 609.949
222.625 607.522
222.876 608.6
222.876 609.669
223.642 609.192
223.69 609.015
223.69 608.839
223.793 606.472
223.793 604.123
226.06 603.048
226.205 601.283
227.439 602.878
227.439 604.461
227.68 624.356
227.68 642.204
227.68 659.918
227.68 679.381
228.22 682.005
228.952 688.383
228.952 694.713
229.732 693.167
230.314 709.184
230.426 709.532
230.426 709.877
231.371 707.569
231.379 705.087
231.423 712.671
231.423 721.521
231.423 728.992
231.423 737.719
231.915 735.665
231.915 733.626
232.444 745.076
233.476 752.614
233.95 757.578
234.902 757.554
234.902 757.53
235.064 755.608
236.691 755.525
236.691 755.443
236.698 752.839
236.698 750.254
237.118 754.743
237.118 759.202
238.576 758.831
241.195 756.261
243.618 758.52
243.618 760.765
244.928 758.349
245.331 763.648
245.383 761.403
245.383 759.173
246.762 765.561
247.081 779.206
247.276 777.153
247.291 774.645
247.321 774.722
247.321 774.798
248.662 772.407
250.426 774.957
250.568 777.618
251.096 779.983
251.995 777.557
253.529 778.931
253.529 780.296
254.801 777.843
260.779 779.951
261.396 784.804
262.304 783.472
262.304 782.147
263.469 795.903
263.505 806.264
263.877 805.843
265.248 806.107
267.963 805.745
267.963 805.386
269.482 803.27
270.446 800.943
272.723 798.904
272.723 796.878
274.747 794.597
275.088 807.685
275.198 809.833
276.829 823.034
276.829 837.636
276.829 852.152
276.829 865.108
277.471 865.08
277.471 865.052
277.591 870.912
277.904 868.356
277.904 865.816
277.904 863.295
277.904 860.789
278.08 862.891
278.08 864.981
280.693 887.024
280.693 908.939
281.266 906.392
281.266 903.859
281.596 912.366
281.596 922.046
282.152 919.991
282.152 917.948
283.509 915.921
283.509 913.905
283.718 912.63
283.718 911.363
284.381 908.948
284.381 906.547
284.442 904.621
284.442 902.705
285.412 904.306
287.092 911.47
287.131 911.85
288.579 911.499
288.758 911.584
288.758 911.668
289.985 909.191
290.332 906.782
291.511 910.493
291.644 911.22
292.453 912.838
292.989 912.12
292.989 911.406
293.062 924.562
293.996 936.256
293.996 947.889
294.015 947.074
294.015 946.264
294.325 948.939
295.005 955.944
295.435 955.111
295.511 953.269
295.742 954.004
296.44 956.692
296.44 959.367
296.78 968.995
296.78 978.574
296.892 979.325
296.956 976.814
297.604 976.679
297.809 976.703
297.91 974.472
297.938 979.482
301.061 979.059
301.075 978.229
302.379 978.549
302.379 979.457
302.417 977.393
302.417 975.341
302.527 974.581
302.565 972.207
302.927 973.321
303.073 979.646
303.577 980.427
304.036 980.229
304.964 978.411
304.964 976.602
305.021 974.276
305.063 977.649
305.606 975.302
305.606 972.966
306.713 977.579
307.42 980.012
307.42 982.433
307.586 984.102
308.742 986.301
312.103 984.565
312.103 982.838
312.425 1,003.76
312.526 1,008.05
312.61 1,010.13
314.123 1,009.26
314.172 1,010.39
314.996 1,023.93
315.291 1,024.28
315.291 1,024.63
315.342 1,030.52
315.342 1,036.39
315.649 1,051.98
315.851 1,049.57
315.851 1,047.16
316.793 1,051.29
316.883 1,050.28
316.883 1,049.28
317.332 1,051.99
317.332 1,054.69
318.102 1,053.05
318.102 1,051.42
319.159 1,056.88
319.424 1,054.51
319.424 1,052.15
320.192 1,060.43
321.283 1,071.48
321.394 1,071.03
321.394 1,070.58
321.443 1,069.24
321.692 1,068.81
321.847 1,069.09
321.847 1,069.37
322.203 1,067.68
322.378 1,067.38
322.516 1,066.48
322.516 1,065.58
322.698 1,074.76
322.698 1,084.99
322.698 1,095.17
322.698 1,104.23
322.737 1,104.88
323.76 1,104.87
323.76 1,104.86
323.839 1,108.14
325.187 1,110.96
325.187 1,113.78
325.314 1,111.51
325.848 1,126.51
326.893 1,126.84
327.802 1,127.69
328.585 1,132.73
331.045 1,133.77
331.423 1,140.29
334.078 1,141.18
334.078 1,142.07
334.234 1,144.62
334.234 1,147.16
334.307 1,153.6
334.998 1,151.26
335.104 1,153.93
335.567 1,151.96
335.567 1,149.99
337.27 1,148.33
337.95 1,159.11
338.01 1,158.1
338.206 1,158.89
338.896 1,176
340.859 1,173.61
341.304 1,171.66
341.639 1,169.79
341.946 1,176.89
342.61 1,174.49
343.058 1,174.02
345.344 1,177.74
345.344 1,181.44
346.706 1,182.26
350.005 1,180.17
350.555 1,181.77
354.839 1,184.17
354.839 1,186.57
356.619 1,184.57
356.619 1,182.58
356.996 1,180.95
357.059 1,180.86
357.238 1,179.59
357.238 1,178.32
358.174 1,178.23
358.496 1,181.25
358.496 1,184.25
359.071 1,183.29
359.071 1,182.32
360.392 1,188.09
360.911 1,185.83
362.482 1,185.19
363.575 1,184.38
363.575 1,183.58
364.941 1,181.57
364.941 1,179.57
364.973 1,187.24
364.973 1,195.84
364.973 1,203.46
364.973 1,211.99
365.228 1,210.22
365.228 1,208.25
365.896 1,207.17
365.911 1,205.04
365.911 1,202.91
366.591 1,207.13
367.937 1,215.32
367.937 1,223.47
368.467 1,221.39
368.503 1,238.91
368.924 1,244.17
368.937 1,253.68
369.445 1,251.33
369.548 1,252.59
369.57 1,262.3
369.617 1,261.63
369.617 1,260.95
369.618 1,262.23
369.618 1,263.51
370.269 1,267.38
370.415 1,268.78
370.609 1,271.39
370.706 1,278.07
370.706 1,284.73
370.869 1,285.88
371.254 1,287.07
371.254 1,288.26
371.282 1,287.35
371.868 1,285.01
371.904 1,285.49
372.955 1,287.76
375.04 1,285.82
375.112 1,294.16
376.182 1,304.7
376.244 1,309.55
376.244 1,314.38
377.406 1,321.45
377.771 1,319.12
378.401 1,316.83
378.437 1,319.43
379.025 1,317.26
380.394 1,314.97
382.445 1,315.46
383.317 1,314.88
383.317 1,314.3
384.941 1,311.98
386.035 1,314.23
386.741 1,314.06
387.673 1,311.94
387.673 1,309.83
389.406 1,326.35
389.406 1,342.82
391.518 1,362.54
392.357 1,361.2
392.357 1,359.87
392.924 1,361.78
392.924 1,363.13
396.487 1,367.77
397.078 1,375.7
397.507 1,376.78
397.514 1,377.15
397.514 1,377.52
397.601 1,377.94
398.158 1,376.48
398.876 1,378.66
398.876 1,380.84
398.95 1,385.1
399.765 1,386.26
399.795 1,384.97
399.795 1,383.68
400.066 1,400.89
400.153 1,403.44
400.153 1,405.99
400.258 1,406.5
400.729 1,409.11
400.762 1,408.36
401.281 1,407.06
401.281 1,405.77
401.282 1,413.91
402.325 1,412.95
402.325 1,411.99
402.852 1,413.25
402.852 1,414.51
403.816 1,420.29
404.419 1,423.46
405.128 1,421.8
405.128 1,420.15
405.303 1,424.42
405.31 1,423.15
406.278 1,426.3
406.883 1,445.69
406.883 1,465.01
406.919 1,468.02
407.237 1,465.92
407.237 1,463.83
407.818 1,468.03
408.108 1,471.13
408.551 1,477.05
408.551 1,482.96
408.597 1,482.99
408.597 1,483.02
409.013 1,481.79
410.638 1,482.41
411.145 1,483.93
411.338 1,483.27
412.014 1,489.43
412.014 1,494.82
412.014 1,500.95
412.014 1,506.3
412.213 1,505.2
412.213 1,504.11
412.303 1,504.83
412.303 1,505.55
413.148 1,503.26
413.441 1,506.84
413.441 1,510.4
413.481 1,513.4
413.785 1,515.39
414.842 1,522.79
415.378 1,525.21
416.001 1,523.2
416.001 1,521.19
416.646 1,518.83
417.279 1,521.93
418.422 1,527.68
418.422 1,533.4
418.643 1,531.16
418.643 1,528.91
420.24 1,527.22
421.354 1,528.2
421.354 1,529.18
421.458 1,527.23
421.674 1,528.02
421.674 1,528.8
422.1 1,527.8
422.274 1,533.83
422.274 1,539.85
423.757 1,539.27
424.641 1,537.03
424.641 1,534.8
425.124 1,536.2
425.236 1,540.15
425.236 1,544.08
426.117 1,549.08
426.798 1,557.49
426.798 1,565.87
426.856 1,569.47
427.569 1,572.1
427.569 1,574.72
427.569 1,577.92
427.569 1,581.11
427.81 1,580.8
427.925 1,582.78
428.113 1,588.46
428.342 1,589.85
429.904 1,587.91
429.994 1,587.05
432.23 1,587.97
432.23 1,588.88
432.449 1,588.15
432.449 1,587.41
433.505 1,589.27
433.505 1,591.12
433.657 1,591.17
435.103 1,597.89
435.891 1,596.83
436.146 1,601.42
436.457 1,607.26
436.457 1,613.08
437.065 1,621.64
437.553 1,622.12
437.82 1,621.95
438.318 1,620.52
438.318 1,619.36
438.318 1,617.94
438.318 1,616.78
438.485 1,619.36
438.485 1,621.94
439.017 1,634.2
439.462 1,637.69
440.098 1,637.82
441.012 1,636.41
443.595 1,643.04
444.447 1,643.5
444.612 1,647.81
445.168 1,650.26
445.168 1,652.71
445.783 1,655.13
447.608 1,679.54
449.43 1,699.6
449.659 1,698.16
449.659 1,696.72
450.5 1,695.62
451.891 1,700.84
451.891 1,706.05
452.998 1,703.77
454.49 1,709.58
454.49 1,716.12
454.49 1,721.9
454.49 1,728.4
457.33 1,726.14
457.33 1,723.89
457.398 1,724.18
457.742 1,723.22
457.933 1,741.54
458.86 1,744
459.424 1,749.02
459.447 1,746.91
459.447 1,744.8
460.232 1,742.56
460.232 1,740.33
460.456 1,742.03
460.456 1,743.72
460.631 1,742.06
460.633 1,744.29
460.633 1,746.52
461.001 1,744.42
461.349 1,742.65
463.245 1,749.8
464.585 1,751.4
464.945 1,749.03
465.146 1,747.5
465.146 1,745.98
467.08 1,743.75
467.202 1,742.16
467.947 1,745.18
468.511 1,758.56
469.233 1,763.14
469.233 1,767.71
471.998 1,771.38
472.935 1,769.16
473.11 1,769.32
473.382 1,767.47
473.382 1,765.63
474.456 1,768.85
474.456 1,772.06
475.127 1,779.02
476.447 1,778.03
477.647 1,785.81
477.647 1,793.57
477.647 1,802.1
477.647 1,810.6
478.186 1,808.24
478.186 1,805.89
482.562 1,812.56
482.629 1,822.16
482.97 1,821.33
482.97 1,820.5
483.932 1,819.46
485.689 1,817.12
488.723 1,814.77
488.723 1,812.42
491.973 1,811.87
491.973 1,811.32
492.014 1,809.21
492.06 1,809.07
492.06 1,808.92
493.46 1,807.76
494.392 1,810.38
494.499 1,811
494.499 1,811.61
494.921 1,816.76
495.627 1,834.08
496.179 1,842.3
496.447 1,840.32
496.447 1,838.34
496.79 1,838.31
497.28 1,842.97
497.688 1,841.37
497.688 1,839.78
497.914 1,837.56
497.914 1,835.35
498.243 1,840.81
498.243 1,846.26
498.299 1,846.76
498.67 1,856.85
498.761 1,859.27
498.761 1,862.21
498.792 1,864.81
499.048 1,864.98
500.112 1,866.25
500.112 1,867.51
501.08 1,865.34
502.623 1,863.27
502.623 1,861.11
502.699 1,863.65
502.699 1,866.18
503.74 1,864.02
503.74 1,861.86
504.278 1,860.13
504.905 1,858.58
506.09 1,869.41
506.57 1,867.51
506.57 1,865.61
506.937 1,875.59
506.937 1,885.55
507.362 1,889.76
508.408 1,895.85
508.875 1,895.03
509.335 1,895.86
509.392 1,899.16
510.372 1,902.83
511.578 1,907.85
511.625 1,912.63
511.625 1,917.41
512.413 1,917.58
512.413 1,917.76
512.551 1,915.5
514.241 1,914.9
515.687 1,919.46
515.692 1,924.06
517.412 1,936.82
518.29 1,945.56
518.915 1,943.28
519.081 1,951.5
519.081 1,960.47
519.105 1,959.84
519.105 1,959.22
519.237 1,963.59
519.237 1,967.36
520.275 1,971.57
520.275 1,975.77
520.836 1,979.92
521.715 1,981.87
522.585 1,982.38
523.134 1,989.82
523.148 1,989.5
523.148 1,988.86
524.062 1,987.08
524.062 1,985.32
524.141 1,991.69
525.151 1,992.7
526.12 1,997.57
526.325 1,995.23
526.325 1,992.9
528.458 1,994.73
528.914 2,000.54
529.39 1,999.19
529.484 2,009.78
529.553 2,008.13
529.933 2,012.39
529.933 2,016.63
530.366 2,020.07
531.243 2,043.51
532.386 2,041.19
534.285 2,045.17
536.332 2,053.77
536.332 2,063.11
536.332 2,071.66
536.332 2,080.96
536.907 2,082.04
537.894 2,081.16
538.33 2,085.75
538.45 2,086
538.651 2,093.9
539.247 2,104.03
540.244 2,101.94
540.611 2,113.78
541.06 2,112.15
543.191 2,110.95
544.679 2,117.04
545.584 2,115.35
545.584 2,113.67
546.078 2,112.28
547.523 2,110.99
547.523 2,109.7
548.124 2,109.03
548.203 2,110.44
548.97 2,108.07
549.807 2,112.61
549.807 2,117.13
550.324 2,115.03
551.958 2,122.24
552.251 2,125.77
552.585 2,134.42
552.585 2,143.06
552.62 2,149.3
553.178 2,147.96
553.178 2,146.41
553.418 2,162.15
555.387 2,162.35
555.48 2,162.02
556.423 2,159.73
556.423 2,157.45
556.813 2,156.87
556.984 2,155.14
558.832 2,153.29
562.202 2,156.81
562.342 2,165.34
563.728 2,166.72
566.041 2,166.33
566.199 2,164
566.907 2,166.59
570.611 2,165.66
570.611 2,165.01
571.466 2,177.78
573.856 2,178.61
574.315 2,184.97
574.315 2,191.32
575.904 2,191.2
576.374 2,209.28
576.379 2,207.13
576.379 2,204.98
576.742 2,212.4
579.304 2,212.69
579.939 2,213.01
580.159 2,210.86
580.713 2,217.31
581.641 2,215.14
581.641 2,212.97
581.786 2,217.12
581.786 2,221.26
581.896 2,219.93
584.689 2,217.9
584.954 2,228.83
586.072 2,238.23
586.072 2,247.6
586.072 2,256.22
586.072 2,264.82
588.454 2,262.52
588.454 2,260.23
591.396 2,258.31
592.437 2,259.33
592.437 2,260.34
593.851 2,260.28
596.09 2,263.39
597.173 2,269.07
597.653 2,268.44
597.653 2,267.81
599.569 2,276.78
600.374 2,288.59
600.503 2,286.23
601.007 2,285.63
601.458 2,283.4
604.22 2,293.99
605.608 2,298.29
606.818 2,298.4
606.818 2,298.51
606.845 2,296.62
607.434 2,305.27
607.434 2,313.92
607.624 2,312.02
608.093 2,311.09
608.471 2,319.37
608.471 2,326.94
608.471 2,334.49
608.471 2,342.72
609.575 2,348.84
610.857 2,356.94
610.857 2,364.34
611.898 2,372.77
611.898 2,381.18
612.159 2,393.95
613.273 2,403.67
613.531 2,420.47
615.588 2,419.43
615.588 2,418.4
616.383 2,427.09
617.074 2,451.73
617.762 2,453.71
617.762 2,455.24
617.762 2,456.77
617.762 2,458.73
619.792 2,461.86
622.259 2,461.24
622.259 2,460.34
622.783 2,464.69
622.783 2,469.03
625.024 2,479.17
626.322 2,482.18
626.322 2,485.18
626.556 2,483.8
626.576 2,491.78
627.72 2,497.08
628.378 2,505.52
628.783 2,503.03
628.97 2,500.74
628.97 2,498.45
629.338 2,501.81
629.669 2,505.69
631.903 2,507.56
631.903 2,509.42
632.971 2,516.7
632.971 2,523.97
633.855 2,532.13
633.855 2,540.27
634.148 2,539.49
634.148 2,538.7
634.303 2,549.52
636.742 2,547.9
636.742 2,546.27
638 2,548.68
639.111 2,548.68
639.495 2,555.48
639.495 2,562.91
639.495 2,569.68
639.495 2,577.08
639.639 2,579.07
641.935 2,582.04
641.935 2,585
641.939 2,583.28
643.551 2,581.57
644.847 2,579.1
645.136 2,579.91
645.136 2,580.73
647.327 2,581.44
647.327 2,582.14
647.799 2,583.87
649.051 2,599.6
649.148 2,604.68
649.148 2,609.75
651.296 2,625.34
655.364 2,626.27
656.931 2,635.77
656.931 2,645.24
656.952 2,643.18
657.746 2,646.4
657.746 2,649.6
658.974 2,647.05
658.974 2,644.51
659.612 2,652.87
659.612 2,660.53
664.455 2,675.87
665.512 2,695.28
666.432 2,696.07
668.749 2,711.68
669.171 2,710.59
669.171 2,709.5
669.621 2,706.96
669.621 2,704.43
671.306 2,703.49
671.306 2,702.57
672.524 2,700.83
673.581 2,711.49
673.94 2,709.99
673.94 2,708.5
675.063 2,719.82
675.12 2,720.4
675.12 2,720.99
675.903 2,730.39
681.111 2,731.54
683.404 2,737.1
684.665 2,744.9
685.124 2,742.71
685.17 2,740.57
685.17 2,738.59
685.296 2,737.76
685.296 2,736.94
689.145 2,747.16
690.44 2,744.85
692.603 2,760.98
693.498 2,771.72
693.498 2,781.71
693.89 2,790.13
698.66 2,798.22
698.66 2,806.3
699.008 2,803.95
699.119 2,809.52
702.052 2,814.83
704.228 2,812.63
705.104 2,825
705.992 2,829.17
707.636 2,844.98
707.825 2,847.93
707.825 2,850.87
708.25 2,849.23
708.25 2,847.6
709.725 2,858.48
711.709 2,866.04
711.709 2,872.94
713.047 2,870.5
713.047 2,868.06
713.258 2,866.67
713.258 2,865.27
713.535 2,871.04
713.824 2,869.67
713.824 2,868.3
716.797 2,868.1
721.362 2,865.49
721.362 2,862.89
721.362 2,860.32
721.362 2,857.75
724.417 2,863.63
724.417 2,868.92
724.995 2,871.55
729.364 2,872.6
729.671 2,882.8
729.671 2,892.27
729.694 2,917.12
730.177 2,938.22
733.677 2,943.39
733.677 2,948.56
733.982 2,945.96
734.202 2,945.19
737.499 2,944.52
741.943 2,954.27
743.873 2,957.17
746.541 2,958.75
746.541 2,959.93
756.212 2,960.72
756.212 2,961.51
759.689 2,962.36
767.015 2,959.72
769.835 2,958.31
770.739 2,955.69
770.739 2,953.08
771.076 2,951.38
771.076 2,949.67
772.284 2,951.41
778.768 2,954.26
778.768 2,957.11
779.629 2,965.78
779.629 2,973.78
779.629 2,981.76
779.629 2,990.38
782 2,988.8
782.237 3,006.63
787.691 3,004.14
787.691 3,001.65
791.882 3,022.04
804.076 3,021.89
804.076 3,021.74
804.752 3,019.26
804.752 3,016.78
808.283 3,015.7
812.395 3,013.14
813.585 3,017.02
813.585 3,020.9
814.845 3,018.99
814.845 3,017.08
819.738 3,038.55
822.243 3,037.91
822.243 3,037.27
826.499 3,041.65
826.499 3,045.51
826.499 3,049.88
826.499 3,053.72
835.965 3,054.39
835.965 3,055.05
840.145 3,053.32
840.145 3,051.6
841.233 3,049.19
884.521 3,050.02
884.521 3,050.84
886.149 3,049.01
886.149 3,047.19
897.616 3,045.93
897.616 3,044.9
897.616 3,043.88
897.616 3,042.62
922.537 3,040.97
922.537 3,039.33
978.573 3,036.97
978.573 3,034.61
991.646 3,032.26
991.646 3,029.92
