0 113.131
0 113.131
0 113.131
0 113.131
0 113.131
0 113.131
0 113.131
0 113.131
0 113.131
0 113.131
0 113.131
0 113.131
0 113.131
0 113.131
0 113.131
0 113.131
0 113.131
0 113.131
0 113.131
0 113.131
0 113.131
0 113.131
0 113.131
0 113.131
0 113.131
0 113.131
54.4508 144.007
57.9132 148.038
61.8489 152.914
61.8489 152.914
69.878 163.829
74.7642 171.102
77.5628 175.482
77.5628 175.482
77.6065 175.551
77.6065 175.551
81.3335 181.627
82.4156 183.442
82.7131 183.945
82.9271 184.308
87.017 191.416
87.017 191.416
88.9596 194.907
88.9596 194.907
89.2656 195.463
92.6737 201.784
92.6737 201.784
93.2607 202.895
94.2382 204.76
94.2382 204.76
94.5405 205.341
96.1832 208.526
96.1832 208.526
96.3399 208.832
96.5913 209.325
97.3142 210.749
97.3144 210.75
98.1516 212.411
99.6961 215.511
99.6961 215.511
100.176 216.483
100.176 216.483
100.509 217.161
100.509 217.161
102.34 220.923
102.34 220.923
102.513 221.282
102.513 221.282
102.617 221.498
103.282 222.882
105.818 228.243
106.049 228.737
106.049 228.737
106.852 230.463
106.852 230.463
107.185 231.183
107.442 231.74
108.928 234.98
110.966 239.495
110.966 239.495
111.726 241.198
112.777 243.571
116.964 253.224
118.413 256.64
118.413 256.64
123.81 269.699
123.81 269.699
124.257 270.806
124.996 272.64
124.996 272.64
126.35 276.027
126.655 276.795
128.688 281.954
132.255 291.184
132.255 291.184
132.255 291.184
132.255 291.184
132.477 291.765
132.477 291.765
132.569 292.006
133.599 294.721
133.608 294.743
134.46 297.001
134.46 297.001
134.538 297.208
134.538 297.208
134.646 297.497
134.646 297.497
134.844 298.024
134.962 298.339
134.962 298.339
136.005 301.128
136.807 303.288
138.378 307.547
138.378 307.547
138.894 308.958
139.04 309.358
139.329 310.149
139.329 310.149
140.382 313.046
140.382 313.046
140.442 313.213
142.163 317.989
142.231 318.181
142.231 318.181
143.277 321.109
144.333 324.086
144.333 324.086
144.694 325.11
144.734 325.224
146.353 329.834
147.662 333.595
148.255 335.309
148.255 335.309
148.255 335.309
148.255 335.309
149.509 338.953
152.371 347.366
154.754 354.475
155.188 355.78
156.945 361.092
159.148 367.827
159.148 367.827
160.724 372.692
161.291 374.455
161.291 374.455
163.409 381.077
164.17 383.47
170.57 403.992
170.798 404.734
170.798 404.734
172.134 409.104
172.134 409.104
174.572 417.148
178.475 430.216
178.55 430.468
181.727 441.281
182.526 444.024
183.28 446.619
183.28 446.619
184.31 450.181
184.982 452.513
185.505 454.331
185.505 454.331
187.164 460.128
187.164 460.128
188.208 463.798
188.208 463.798
188.208 463.798
188.208 463.798
190.225 470.932
190.225 470.932
190.47 471.803
190.47 471.803
192.973 480.748
192.973 480.748
193.402 482.287
193.402 482.287
193.57 482.891
195.177 488.695
195.177 488.695
195.658 490.439
196.031 491.792
196.336 492.901
196.5 493.497
196.905 494.975
196.905 494.975
198.182 499.641
198.182 499.641
198.482 500.744
198.482 500.744
200.346 507.603
200.399 507.8
200.665 508.782
200.665 508.782
200.684 508.852
201.095 510.376
201.095 510.376
201.386 511.451
201.386 511.451
201.914 513.414
202.304 514.863
202.304 514.863
202.488 515.546
203.661 519.925
204.504 523.082
205.253 525.895
205.373 526.346
205.479 526.745
205.64 527.352
205.64 527.352
206.245 529.633
206.245 529.633
207.024 532.577
207.024 532.577
207.036 532.623
207.036 532.623
208.237 537.177
208.33 537.53
208.33 537.53
208.516 538.235
208.516 538.235
208.66 538.787
209.368 541.482
209.571 542.257
210.21 544.701
210.858 547.184
211.135 548.248
211.136 548.252
211.845 550.977
212.543 553.665
213.068 555.691
213.068 555.691
213.534 557.494
215.003 563.193
215.003 563.193
215.827 566.399
216.61 569.456
216.61 569.456
217.096 571.361
217.128 571.484
217.303 572.172
218.333 576.211
219.237 579.773
219.237 579.773
219.272 579.911
221.124 587.232
221.463 588.579
221.463 588.579
222.625 593.2
222.625 593.2
222.876 594.2
222.876 594.2
223.642 597.26
223.69 597.451
223.69 597.451
223.793 597.861
223.793 597.861
226.06 606.961
226.205 607.543
227.439 612.524
227.439 612.524
227.68 613.497
227.68 613.497
227.68 613.497
227.68 613.497
228.22 615.685
228.952 618.655
228.952 618.655
229.732 621.827
230.314 624.199
230.426 624.653
230.426 624.653
231.371 628.514
231.379 628.547
231.423 628.725
231.423 628.725
231.423 628.725
231.423 628.725
231.915 630.741
231.915 630.741
232.444 632.91
233.476 637.146
233.95 639.1
234.902 643.026
234.902 643.026
235.064 643.694
236.691 650.432
236.691 650.432
236.698 650.464
236.698 650.464
237.118 652.208
237.118 652.208
238.576 658.277
241.195 669.246
243.618 679.456
243.618 679.456
244.928 685.005
245.331 686.716
245.383 686.934
245.383 686.934
246.762 692.803
247.081 694.164
247.276 694.995
247.291 695.056
247.321 695.187
247.321 695.187
248.662 700.916
250.426 708.489
250.568 709.098
251.096 711.37
251.995 715.246
253.529 721.882
253.529 721.882
254.801 727.398
260.779 753.552
261.396 756.268
262.304 760.28
262.304 760.28
263.469 765.43
263.505 765.59
263.877 767.238
265.248 773.328
267.963 785.434
267.963 785.434
269.482 792.235
270.446 796.563
272.723 806.818
272.723 806.818
274.747 815.973
275.088 817.519
275.198 818.015
276.829 825.426
276.829 825.426
276.829 825.426
276.829 825.426
277.471 828.348
277.471 828.348
277.591 828.895
277.904 830.319
277.904 830.319
277.904 830.319
277.904 830.319
278.08 831.122
278.08 831.122
280.693 843.065
280.693 843.065
281.266 845.696
281.266 845.696
281.596 847.206
281.596 847.206
282.152 849.762
282.152 849.762
283.509 856.001
283.509 856.001
283.718 856.963
283.718 856.963
284.381 860.019
284.381 860.019
284.442 860.303
284.442 860.303
285.412 864.779
287.092 872.55
287.131 872.732
288.579 879.447
288.758 880.278
288.758 880.278
289.985 885.984
290.332 887.601
291.511 893.099
291.644 893.72
292.453 897.498
292.989 900.003
292.989 900.003
293.062 900.345
293.996 904.718
293.996 904.718
294.015 904.803
294.015 904.803
294.325 906.255
295.005 909.449
295.435 911.467
295.511 911.819
295.742 912.907
296.44 916.188
296.44 916.188
296.78 917.786
296.78 917.786
296.892 918.311
296.956 918.615
297.604 921.662
297.809 922.629
297.91 923.108
297.938 923.24
301.061 937.988
301.075 938.054
302.379 944.235
302.379 944.235
302.417 944.415
302.417 944.415
302.527 944.937
302.565 945.116
302.927 946.834
303.073 947.527
303.577 949.919
304.036 952.103
304.964 956.516
304.964 956.516
305.021 956.786
305.063 956.987
305.606 959.574
305.606 959.574
306.713 964.85
307.42 968.226
307.42 968.226
307.586 969.017
308.742 974.546
312.103 990.656
312.103 990.656
312.425 992.203
312.526 992.689
312.61 993.091
314.123 1,000.37
314.172 1,000.61
314.996 1,004.58
315.291 1,006
315.291 1,006
315.342 1,006.25
315.342 1,006.25
315.649 1,007.73
315.851 1,008.7
315.851 1,008.7
316.793 1,013.25
316.883 1,013.69
316.883 1,013.69
317.332 1,015.86
317.332 1,015.86
318.102 1,019.58
318.102 1,019.58
319.159 1,024.7
319.424 1,025.98
319.424 1,025.98
320.192 1,029.7
321.283 1,035
321.394 1,035.54
321.394 1,035.54
321.443 1,035.77
321.692 1,036.99
321.847 1,037.74
321.847 1,037.74
322.203 1,039.47
322.378 1,040.32
322.516 1,040.99
322.516 1,040.99
322.698 1,041.87
322.698 1,041.87
322.698 1,041.87
322.698 1,041.87
322.737 1,042.06
323.76 1,047.04
323.76 1,047.04
323.839 1,047.42
325.187 1,053.99
325.187 1,053.99
325.314 1,054.61
325.848 1,057.21
326.893 1,062.32
327.802 1,066.76
328.585 1,070.59
331.045 1,082.63
331.423 1,084.49
334.078 1,097.53
334.078 1,097.53
334.234 1,098.3
334.234 1,098.3
334.307 1,098.65
334.998 1,102.05
335.104 1,102.58
335.567 1,104.86
335.567 1,104.86
337.27 1,113.25
337.95 1,116.6
338.01 1,116.9
338.206 1,117.86
338.896 1,121.27
340.859 1,130.97
341.304 1,133.17
341.639 1,134.83
341.946 1,136.35
342.61 1,139.63
343.058 1,141.85
345.344 1,153.19
345.344 1,153.19
346.706 1,159.95
350.005 1,176.35
350.555 1,179.09
354.839 1,200.45
354.839 1,200.45
356.619 1,209.34
356.619 1,209.34
356.996 1,211.22
357.059 1,211.54
357.238 1,212.43
357.238 1,212.43
358.174 1,217.12
358.496 1,218.72
358.496 1,218.72
359.071 1,221.6
359.071 1,221.6
360.392 1,228.21
360.911 1,230.81
362.482 1,238.68
363.575 1,244.17
363.575 1,244.17
364.941 1,251.02
364.941 1,251.02
364.973 1,251.18
364.973 1,251.18
364.973 1,251.18
364.973 1,251.18
365.228 1,252.46
365.228 1,252.46
365.896 1,255.81
365.911 1,255.89
365.911 1,255.89
366.591 1,259.3
367.937 1,266.06
367.937 1,266.06
368.467 1,268.73
368.503 1,268.9
368.924 1,271.02
368.937 1,271.08
369.445 1,273.64
369.548 1,274.16
369.57 1,274.27
369.617 1,274.5
369.617 1,274.5
369.618 1,274.51
369.618 1,274.51
370.269 1,277.78
370.415 1,278.52
370.609 1,279.49
370.706 1,279.98
370.706 1,279.98
370.869 1,280.8
371.254 1,282.74
371.254 1,282.74
371.282 1,282.88
371.868 1,285.82
371.904 1,286.01
372.955 1,291.3
375.04 1,301.79
375.112 1,302.16
376.182 1,307.55
376.244 1,307.86
376.244 1,307.86
377.406 1,313.72
377.771 1,315.56
378.401 1,318.73
378.437 1,318.92
379.025 1,321.88
380.394 1,328.78
382.445 1,339.13
383.317 1,343.53
383.317 1,343.53
384.941 1,351.73
386.035 1,357.25
386.741 1,360.82
387.673 1,365.53
387.673 1,365.53
389.406 1,374.28
389.406 1,374.28
391.518 1,384.95
392.357 1,389.19
392.357 1,389.19
392.924 1,392.06
392.924 1,392.06
396.487 1,410.07
397.078 1,413.05
397.507 1,415.22
397.514 1,415.25
397.514 1,415.25
397.601 1,415.7
398.158 1,418.51
398.876 1,422.14
398.876 1,422.14
398.95 1,422.51
399.765 1,426.63
399.795 1,426.78
399.795 1,426.78
400.066 1,428.15
400.153 1,428.59
400.153 1,428.59
400.258 1,429.12
400.729 1,431.5
400.762 1,431.67
401.281 1,434.29
401.281 1,434.29
401.282 1,434.3
402.325 1,439.57
402.325 1,439.57
402.852 1,442.23
402.852 1,442.23
403.816 1,447.1
404.419 1,450.15
405.128 1,453.74
405.128 1,453.74
405.303 1,454.62
405.31 1,454.66
406.278 1,459.55
406.883 1,462.6
406.883 1,462.6
406.919 1,462.78
407.237 1,464.39
407.237 1,464.39
407.818 1,467.33
408.108 1,468.79
408.551 1,471.03
408.551 1,471.03
408.597 1,471.26
408.597 1,471.26
409.013 1,473.36
410.638 1,481.57
411.145 1,484.13
411.338 1,485.1
412.014 1,488.52
412.014 1,488.52
412.014 1,488.52
412.014 1,488.52
412.213 1,489.52
412.213 1,489.52
412.303 1,489.98
412.303 1,489.98
413.148 1,494.24
413.441 1,495.72
413.441 1,495.72
413.481 1,495.92
413.785 1,497.45
414.842 1,502.79
415.378 1,505.49
416.001 1,508.64
416.001 1,508.64
416.646 1,511.89
417.279 1,515.08
418.422 1,520.84
418.422 1,520.84
418.643 1,521.96
418.643 1,521.96
420.24 1,530.01
421.354 1,535.62
421.354 1,535.62
421.458 1,536.15
421.674 1,537.23
421.674 1,537.23
422.1 1,539.38
422.274 1,540.25
422.274 1,540.25
423.757 1,547.72
424.641 1,552.17
424.641 1,552.17
425.124 1,554.6
425.236 1,555.17
425.236 1,555.17
426.117 1,559.6
426.798 1,563.03
426.798 1,563.03
426.856 1,563.32
427.569 1,566.9
427.569 1,566.9
427.569 1,566.9
427.569 1,566.9
427.81 1,568.11
427.925 1,568.69
428.113 1,569.64
428.342 1,570.79
429.904 1,578.64
429.994 1,579.09
432.23 1,590.32
432.23 1,590.32
432.449 1,591.41
432.449 1,591.41
433.505 1,596.71
433.505 1,596.71
433.657 1,597.47
435.103 1,604.73
435.891 1,608.67
436.146 1,609.95
436.457 1,611.51
436.457 1,611.51
437.065 1,614.56
437.553 1,617
437.82 1,618.33
438.318 1,620.83
438.318 1,620.83
438.318 1,620.83
438.318 1,620.83
438.485 1,621.67
438.485 1,621.67
439.017 1,624.33
439.462 1,626.55
440.098 1,629.74
441.012 1,634.3
443.595 1,647.2
444.447 1,651.46
444.612 1,652.28
445.168 1,655.05
445.168 1,655.05
445.783 1,658.12
447.608 1,667.21
449.43 1,676.28
449.659 1,677.42
449.659 1,677.42
450.5 1,681.61
451.891 1,688.52
451.891 1,688.52
452.998 1,694.02
454.49 1,701.41
454.49 1,701.41
454.49 1,701.41
454.49 1,701.41
457.33 1,715.49
457.33 1,715.49
457.398 1,715.82
457.742 1,717.53
457.933 1,718.47
458.86 1,723.05
459.424 1,725.84
459.447 1,725.96
459.447 1,725.96
460.232 1,729.83
460.232 1,729.83
460.456 1,730.94
460.456 1,730.94
460.631 1,731.8
460.633 1,731.81
460.633 1,731.81
461.001 1,733.63
461.349 1,735.35
463.245 1,744.7
464.585 1,751.3
464.945 1,753.07
465.146 1,754.06
465.146 1,754.06
467.08 1,763.57
467.202 1,764.16
467.947 1,767.82
468.511 1,770.59
469.233 1,774.13
469.233 1,774.13
471.998 1,787.68
472.935 1,792.26
473.11 1,793.12
473.382 1,794.45
473.382 1,794.45
474.456 1,799.7
474.456 1,799.7
475.127 1,802.97
476.447 1,809.41
477.647 1,815.26
477.647 1,815.26
477.647 1,815.26
477.647 1,815.26
478.186 1,817.88
478.186 1,817.88
482.562 1,839.13
482.629 1,839.45
482.97 1,841.11
482.97 1,841.11
483.932 1,845.76
485.689 1,854.26
488.723 1,868.89
488.723 1,868.89
491.973 1,884.52
491.973 1,884.52
492.014 1,884.71
492.06 1,884.94
492.06 1,884.94
493.46 1,891.65
494.392 1,896.12
494.499 1,896.63
494.499 1,896.63
494.921 1,898.65
495.627 1,902.02
496.179 1,904.66
496.447 1,905.94
496.447 1,905.94
496.79 1,907.58
497.28 1,909.92
497.688 1,911.87
497.688 1,911.87
497.914 1,912.94
497.914 1,912.94
498.243 1,914.51
498.243 1,914.51
498.299 1,914.78
498.67 1,916.54
498.761 1,916.98
498.761 1,916.98
498.792 1,917.13
499.048 1,918.35
500.112 1,923.41
500.112 1,923.41
501.08 1,928.01
502.623 1,935.34
502.623 1,935.34
502.699 1,935.7
502.699 1,935.7
503.74 1,940.63
503.74 1,940.63
504.278 1,943.18
504.905 1,946.14
506.09 1,951.74
506.57 1,954.01
506.57 1,954.01
506.937 1,955.74
506.937 1,955.74
507.362 1,957.75
508.408 1,962.68
508.875 1,964.88
509.335 1,967.04
509.392 1,967.31
510.372 1,971.91
511.578 1,977.58
511.625 1,977.8
511.625 1,977.8
512.413 1,981.49
512.413 1,981.49
512.551 1,982.14
514.241 1,990.05
515.687 1,996.8
515.692 1,996.83
517.412 2,004.84
518.29 2,008.92
518.915 2,011.83
519.081 2,012.6
519.081 2,012.6
519.105 2,012.71
519.105 2,012.71
519.237 2,013.33
519.237 2,013.33
520.275 2,018.14
520.275 2,018.14
520.836 2,020.74
521.715 2,024.81
522.585 2,028.84
523.134 2,031.37
523.148 2,031.44
523.148 2,031.44
524.062 2,035.66
524.062 2,035.66
524.141 2,036.02
525.151 2,040.68
526.12 2,045.14
526.325 2,046.08
526.325 2,046.08
528.458 2,055.88
528.914 2,057.97
529.39 2,060.15
529.484 2,060.58
529.553 2,060.89
529.933 2,062.63
529.933 2,062.63
530.366 2,064.61
531.243 2,068.62
532.386 2,073.83
534.285 2,082.48
536.332 2,091.77
536.332 2,091.77
536.332 2,091.77
536.332 2,091.77
536.907 2,094.38
537.894 2,098.84
538.33 2,100.81
538.45 2,101.35
538.651 2,102.26
539.247 2,104.95
540.244 2,109.44
540.611 2,111.1
541.06 2,113.12
543.191 2,122.69
544.679 2,129.35
545.584 2,133.4
545.584 2,133.4
546.078 2,135.6
547.523 2,142.04
547.523 2,142.04
548.124 2,144.72
548.203 2,145.07
548.97 2,148.48
549.807 2,152.2
549.807 2,152.2
550.324 2,154.49
551.958 2,161.72
552.251 2,163.01
552.585 2,164.49
552.585 2,164.49
552.62 2,164.64
553.178 2,167.11
553.178 2,167.11
553.418 2,168.17
555.387 2,176.83
555.48 2,177.24
556.423 2,181.38
556.423 2,181.38
556.813 2,183.09
556.984 2,183.84
558.832 2,191.93
562.202 2,206.61
562.342 2,207.22
563.728 2,213.23
566.041 2,223.23
566.199 2,223.91
566.907 2,226.96
570.611 2,242.86
570.611 2,242.86
571.466 2,246.51
573.856 2,256.69
574.315 2,258.65
574.315 2,258.65
575.904 2,265.39
576.374 2,267.38
576.379 2,267.4
576.379 2,267.4
576.742 2,268.93
579.304 2,279.74
579.939 2,282.41
580.159 2,283.34
580.713 2,285.66
581.641 2,289.55
581.641 2,289.55
581.786 2,290.16
581.786 2,290.16
581.896 2,290.62
584.689 2,302.28
584.954 2,303.39
586.072 2,308.04
586.072 2,308.04
586.072 2,308.04
586.072 2,308.04
588.454 2,317.9
588.454 2,317.9
591.396 2,330.02
592.437 2,334.3
592.437 2,334.3
593.851 2,340.09
596.09 2,349.22
597.173 2,353.62
597.653 2,355.57
597.653 2,355.57
599.569 2,363.32
600.374 2,366.57
600.503 2,367.09
601.007 2,369.12
601.458 2,370.94
604.22 2,382.02
605.608 2,387.56
606.818 2,392.38
606.818 2,392.38
606.845 2,392.49
607.434 2,394.83
607.434 2,394.83
607.624 2,395.58
608.093 2,397.44
608.471 2,398.94
608.471 2,398.94
608.471 2,398.94
608.471 2,398.94
609.575 2,403.31
610.857 2,408.37
610.857 2,408.37
611.898 2,412.47
611.898 2,412.47
612.159 2,413.49
613.273 2,417.87
613.531 2,418.88
615.588 2,426.92
615.588 2,426.92
616.383 2,430.02
617.074 2,432.71
617.762 2,435.38
617.762 2,435.38
617.762 2,435.38
617.762 2,435.38
619.792 2,443.24
622.259 2,452.75
622.259 2,452.75
622.783 2,454.76
622.783 2,454.76
625.024 2,463.33
626.322 2,468.28
626.322 2,468.28
626.556 2,469.17
626.576 2,469.24
627.72 2,473.59
628.378 2,476.08
628.783 2,477.62
628.97 2,478.32
628.97 2,478.32
629.338 2,479.71
629.669 2,480.96
631.903 2,489.38
631.903 2,489.38
632.971 2,493.38
632.971 2,493.38
633.855 2,496.69
633.855 2,496.69
634.148 2,497.78
634.148 2,497.78
634.303 2,498.36
636.742 2,507.44
636.742 2,507.44
638 2,512.1
639.111 2,516.2
639.495 2,517.62
639.495 2,517.62
639.495 2,517.62
639.495 2,517.62
639.639 2,518.15
641.935 2,526.59
641.935 2,526.59
641.939 2,526.6
643.551 2,532.5
644.847 2,537.22
645.136 2,538.27
645.136 2,538.27
647.327 2,546.21
647.327 2,546.21
647.799 2,547.92
649.051 2,552.43
649.148 2,552.78
649.148 2,552.78
651.296 2,560.48
655.364 2,574.96
656.931 2,580.5
656.931 2,580.5
656.952 2,580.57
657.746 2,583.37
657.746 2,583.37
658.974 2,587.69
658.974 2,587.69
659.612 2,589.92
659.612 2,589.92
664.455 2,606.77
665.512 2,610.42
666.432 2,613.59
668.749 2,621.52
669.171 2,622.97
669.171 2,622.97
669.621 2,624.5
669.621 2,624.5
671.306 2,630.23
671.306 2,630.23
672.524 2,634.36
673.581 2,637.93
673.94 2,639.14
673.94 2,639.14
675.063 2,642.91
675.12 2,643.1
675.12 2,643.1
675.903 2,645.73
681.111 2,663.05
683.404 2,670.6
684.665 2,674.73
685.124 2,676.22
685.17 2,676.37
685.17 2,676.37
685.296 2,676.79
685.296 2,676.79
689.145 2,689.27
690.44 2,693.44
692.603 2,700.37
693.498 2,703.23
693.498 2,703.23
693.89 2,704.48
698.66 2,719.55
698.66 2,719.55
699.008 2,720.64
699.119 2,720.99
702.052 2,730.14
704.228 2,736.87
705.104 2,739.57
705.992 2,742.31
707.636 2,747.34
707.825 2,747.92
707.825 2,747.92
708.25 2,749.21
708.25 2,749.21
709.725 2,753.7
711.709 2,759.7
711.709 2,759.7
713.047 2,763.73
713.047 2,763.73
713.258 2,764.36
713.258 2,764.36
713.535 2,765.19
713.824 2,766.06
713.824 2,766.06
716.797 2,774.92
721.362 2,788.38
721.362 2,788.38
721.362 2,788.38
721.362 2,788.38
724.417 2,797.28
724.417 2,797.28
724.995 2,798.95
729.364 2,811.5
729.671 2,812.38
729.671 2,812.38
729.694 2,812.44
730.177 2,813.82
733.677 2,823.72
733.677 2,823.72
733.982 2,824.58
734.202 2,825.19
737.499 2,834.4
741.943 2,846.66
743.873 2,851.93
746.541 2,859.15
746.541 2,859.15
756.212 2,884.79
756.212 2,884.79
759.689 2,893.81
767.015 2,912.45
769.835 2,919.5
770.739 2,921.74
770.739 2,921.74
771.076 2,922.57
771.076 2,922.57
772.284 2,925.56
778.768 2,941.36
778.768 2,941.36
779.629 2,943.43
779.629 2,943.43
779.629 2,943.43
779.629 2,943.43
782 2,949.09
782.237 2,949.66
787.691 2,962.5
787.691 2,962.5
791.882 2,972.19
804.076 2,999.54
804.076 2,999.54
804.752 3,001.02
804.752 3,001.02
808.283 3,008.69
812.395 3,017.48
813.585 3,020
813.585 3,020
814.845 3,022.66
814.845 3,022.66
819.738 3,032.85
822.243 3,037.99
822.243 3,037.99
826.499 3,046.6
826.499 3,046.6
826.499 3,046.6
826.499 3,046.6
835.965 3,065.24
835.965 3,065.24
840.145 3,073.25
840.145 3,073.25
841.233 3,075.31
884.521 3,150.11
884.521 3,150.11
886.149 3,152.66
886.149 3,152.66
897.616 3,170.09
897.616 3,170.09
897.616 3,170.09
897.616 3,170.09
922.537 3,204.96
922.537 3,204.96
978.573 3,269.67
978.573 3,269.67
991.646 3,282.31
991.646 3,282.31
