0 0
0 0
0 604.92
0 453.69
0 362.952
0 604.92
0 518.503
0 453.69
0 403.28
0 362.952
77.5628 330.008
77.5628 448.459
81.3335 415.044
94.5405 385.438
124.257 415.809
126.35 390.821
132.255 369.611
132.255 425.544
132.255 475.589
132.255 453.323
142.163 448.926
144.734 429.546
196.905 435.086
196.905 431.999
200.346 478.719
200.665 463.597
200.665 449.596
201.095 434.62
201.095 420.676
202.488 496.787
213.534 489.019
231.371 482.769
232.444 576.323
236.691 570.845
236.691 565.68
247.276 552.343
263.877 543.097
277.904 534.925
277.904 540.389
277.904 532.694
277.904 537.946
280.693 530.317
280.693 523.044
287.092 511.192
287.131 512.105
288.758 504.102
288.758 496.441
302.927 507.766
322.378 501.123
325.848 617.505
350.005 607.559
356.996 598.309
362.482 597.663
365.228 586.856
365.228 615.246
384.941 604.752
401.281 595.81
401.281 587.176
401.282 612.313
413.441 602.234
413.441 592.485
417.279 656.417
427.925 654.033
438.318 678.477
438.318 668.35
438.318 691.836
438.318 681.812
439.017 686.61
449.43 720.102
459.447 710.418
459.447 701.008
467.08 692.46
478.186 683.797
478.186 675.368
498.761 741.363
498.761 745.421
502.623 743.535
502.623 738.203
507.362 729.014
526.325 721.151
526.325 713.483
541.06 705.185
548.97 698.282
553.178 721.055
553.178 713.422
570.611 705.406
570.611 723.231
608.093 719.115
616.383 770.912
627.72 816.015
628.783 809.202
649.148 805.909
649.148 802.687
665.512 866.116
671.306 858.847
671.306 851.73
672.524 843.419
681.111 852.812
699.119 851.158
721.362 854.967
721.362 847.059
721.362 850.833
721.362 843.119
737.499 837.79
759.689 830.421
814.845 822.625
814.845 814.974
826.499 830.437
826.499 823.301
826.499 816.294
826.499 831.328
841.233 823.919
884.521 818.066
884.521 812.316
897.616 819.586
897.616 812.555
897.616 805.645
897.616 812.786
978.573 806.059
978.573 799.444
