0 379.169
0 379.169
0 379.169
0 379.169
0 379.169
0 379.169
0 379.169
0 379.169
0 379.169
0 379.169
77.5628 393.135
77.5628 393.135
81.3335 394.503
94.5405 399.767
124.257 414.18
126.35 415.321
132.255 418.629
132.255 418.629
132.255 418.629
132.255 418.629
142.163 424.457
144.734 426.024
196.905 462.175
196.905 462.175
200.346 464.816
200.665 465.062
200.665 465.062
201.095 465.395
201.095 465.395
202.488 466.473
213.534 475.181
231.371 489.751
232.444 490.645
236.691 494.203
236.691 494.203
247.276 503.191
263.877 517.575
277.904 529.946
277.904 529.946
277.904 529.946
277.904 529.946
280.693 532.424
280.693 532.424
287.092 538.129
287.131 538.164
288.758 539.617
288.758 539.617
302.927 552.326
322.378 569.834
325.848 572.955
350.005 594.585
356.996 600.79
362.482 605.634
365.228 608.051
365.228 608.051
384.941 625.196
401.281 639.088
401.281 639.088
401.282 639.089
413.441 649.203
413.441 649.203
417.279 652.352
427.925 660.972
438.318 669.213
438.318 669.213
438.318 669.213
438.318 669.213
439.017 669.761
449.43 677.824
459.447 685.401
459.447 685.401
467.08 691.051
478.186 699.075
478.186 699.075
498.761 713.303
498.761 713.303
502.623 715.879
502.623 715.879
507.362 718.998
526.325 731.015
526.325 731.015
541.06 739.835
548.97 744.381
553.178 746.746
553.178 746.746
570.611 756.148
570.611 756.148
608.093 774.232
616.383 777.848
627.72 782.575
628.783 783.006
649.148 790.84
649.148 790.84
665.512 796.583
671.306 798.503
671.306 798.503
672.524 798.9
681.111 801.621
699.119 806.933
721.362 812.791
721.362 812.791
721.362 812.791
721.362 812.791
737.499 816.589
759.689 821.236
814.845 830.272
814.845 830.272
826.499 831.784
826.499 831.784
826.499 831.784
826.499 831.784
841.233 833.525
884.521 837.667
884.521 837.667
897.616 838.672
897.616 838.672
897.616 838.672
897.616 838.672
978.573 842.98
978.573 842.98
