0 0
0 0
0 0
0 0
0 0
0 0
0 0
0 0
0 0
0 0
0 0
0 0
61.8489 0.0192308
61.8489 0.0357143
69.878 0.0615
77.5628 0.120156
82.7131 0.480735
82.9271 0.4575
88.9596 0.446579
88.9596 0.43675
94.2382 0.523095
94.2382 0.601591
94.5405 0.586304
102.617 0.822292
103.282 0.7894
105.818 0.759038
106.049 1.39991
106.049 1.995
111.726 1.92836
116.964 1.92942
123.81 1.89944
123.81 1.87133
124.257 1.8828
124.996 2.04985
124.996 2.20736
132.255 2.17382
132.255 2.14209
132.569 2.50678
134.46 2.44891
134.46 2.39394
138.894 2.7761
144.734 2.71
154.754 2.79233
159.148 2.81977
159.148 2.846
172.134 2.79332
172.134 2.74287
178.475 2.81594
181.727 2.76357
187.164 2.8883
187.164 3.00814
188.208 2.99356
188.208 2.97953
193.402 2.92435
196.336 3.16209
200.346 3.34353
202.488 3.3386
207.036 3.28534
207.036 3.2339
208.66 3.30604
215.003 3.3543
215.003 3.40101
217.096 3.41052
221.124 3.4107
221.463 3.39285
221.463 3.37553
222.625 3.3544
222.625 3.3339
226.205 3.29373
230.314 3.25825
231.371 3.37518
236.698 3.44111
236.698 3.50524
244.928 3.51193
245.383 3.5326
245.383 3.55273
246.762 3.54195
251.995 3.52167
277.471 3.48975
277.471 3.45863
288.579 3.46531
288.758 3.46707
288.758 3.4688
290.332 3.4394
291.511 3.39894
292.989 3.37759
292.989 3.35672
293.996 3.32679
293.996 3.29753
297.809 3.272
297.91 3.29168
301.075 3.28035
302.417 3.25113
302.417 3.22253
302.527 3.20505
302.565 3.25628
304.964 3.22528
304.964 3.19492
305.021 3.17601
312.103 3.14425
312.103 3.11312
312.526 3.0924
316.883 3.09211
316.883 3.09183
317.332 3.06476
317.332 3.03821
319.424 3.02685
319.424 3.01569
322.203 3.00016
322.516 2.974
322.516 2.94831
322.698 2.94208
322.698 2.93595
322.737 2.92993
323.839 3.08054
325.187 3.05614
325.187 3.03216
331.045 3.01494
334.234 2.9896
334.234 2.96469
356.996 2.98779
359.071 2.96348
359.071 2.93957
360.911 2.91788
364.941 2.99254
364.941 3.06601
364.973 3.04974
364.973 3.03373
365.228 3.02766
369.445 3.01838
369.548 3.00298
370.609 3.12689
375.112 3.10882
376.182 3.08653
377.406 3.10117
378.401 3.0802
383.317 3.05954
383.317 3.03918
384.941 3.02451
386.035 3.00336
387.673 2.98718
387.673 2.97123
389.406 3.00334
389.406 3.035
391.518 3.01698
392.924 2.99803
400.066 3.02908
400.258 3.05084
402.852 3.03708
402.852 3.0235
405.303 3.0101
406.883 3.06635
406.883 3.12186
407.818 3.10808
408.108 3.08965
415.378 3.12753
418.422 3.13309
418.422 3.13858
424.641 3.14399
424.641 3.14934
425.236 3.13599
425.236 3.12281
426.798 3.11745
426.798 3.11216
429.994 3.15732
435.103 3.23468
436.146 3.23927
438.318 3.24379
438.318 3.24827
443.595 3.23694
447.608 3.22275
450.5 3.20414
457.742 3.1914
459.424 3.22478
460.631 3.21921
461.001 3.20503
463.245 3.22223
467.08 3.20553
469.233 3.21591
469.233 3.22617
472.935 3.23044
477.647 3.23467
477.647 3.23885
491.973 3.22668
491.973 3.21465
492.06 3.23097
492.06 3.24711
495.627 3.22984
496.79 3.21275
502.623 3.19716
502.699 3.18042
502.699 3.16385
506.09 3.2367
508.408 3.25223
511.578 3.24709
511.625 3.2318
511.625 3.21666
512.413 3.20547
512.413 3.19438
518.29 3.18341
519.105 3.16882
519.105 3.15437
520.275 3.18317
520.275 3.21168
520.836 3.19723
524.062 3.19263
524.062 3.18808
524.141 3.17395
526.12 3.15907
526.325 3.14879
526.325 3.1386
528.914 3.13824
529.553 3.19492
531.243 3.18028
534.285 3.16559
536.332 3.22501
536.332 3.28388
537.894 3.26997
538.33 3.2733
540.611 3.3141
547.523 3.30024
547.523 3.2865
549.807 3.28185
549.807 3.27724
552.62 3.26712
562.202 3.25958
566.199 3.26284
570.611 3.2488
580.713 3.25209
581.786 3.26299
581.786 3.2738
584.954 3.26211
586.072 3.27494
586.072 3.28765
593.851 3.28323
597.653 3.2823
597.653 3.28137
601.007 3.28045
604.22 3.26908
607.434 3.2555
607.434 3.24203
607.624 3.23277
608.093 3.22049
608.471 3.21272
608.471 3.205
609.575 3.19299
610.857 3.18031
611.898 3.23694
611.898 3.2931
613.531 3.33618
619.792 3.32911
626.322 3.3221
626.322 3.31515
626.576 3.31095
629.669 3.30189
634.148 3.28947
634.148 3.27715
634.303 3.27995
638 3.27115
639.495 3.25881
639.495 3.24656
641.935 3.23426
641.935 3.22204
651.296 3.21079
657.746 3.23041
657.746 3.24988
659.612 3.23771
666.432 3.23402
672.524 3.25326
681.111 3.2433
693.89 3.28745
698.66 3.28257
698.66 3.27773
702.052 3.26942
705.104 3.26866
705.992 3.25773
707.636 3.26424
709.725 3.30721
711.709 3.3001
713.535 3.29389
721.362 3.3363
721.362 3.3784
729.671 3.36647
733.677 3.36732
733.677 3.36818
734.202 3.35683
743.873 3.34521
746.541 3.36484
779.629 3.35407
779.629 3.34336
804.076 3.33531
804.076 3.32731
808.283 3.32961
812.395 3.32594
813.585 3.31551
813.585 3.30515
814.845 3.32234
814.845 3.33941
835.965 3.34751
835.965 3.35555
