0 -0.295593
0 -0.295593
0 -0.295593
0 -0.295593
0 -0.295593
0 -0.295593
0 -0.295593
0 -0.295593
0 -0.295593
0 -0.295593
0 -0.295593
0 -0.295593
61.8489 0.472975
61.8489 0.472975
69.878 0.65422
77.5628 0.835203
82.7131 0.959008
82.9271 0.964177
88.9596 1.11034
88.9596 1.11034
94.2382 1.23816
94.2382 1.23816
94.5405 1.24546
102.617 1.43867
103.282 1.45437
105.818 1.51393
106.049 1.51932
106.049 1.51932
111.726 1.65014
116.964 1.76735
123.81 1.91458
123.81 1.91458
124.257 1.92395
124.996 1.93934
124.996 1.93934
132.255 2.08555
132.255 2.08555
132.569 2.09166
134.46 2.12808
134.46 2.12808
138.894 2.21085
144.734 2.31402
154.754 2.47513
159.148 2.53939
159.148 2.53939
172.134 2.70689
172.134 2.70689
178.475 2.77692
181.727 2.80999
187.164 2.86113
187.164 2.86113
188.208 2.87038
188.208 2.87038
193.402 2.91376
196.336 2.93638
200.346 2.96521
202.488 2.97966
207.036 3.00825
207.036 3.00825
208.66 3.0178
215.003 3.05195
215.003 3.05195
217.096 3.06218
221.124 3.08052
221.463 3.08198
221.463 3.08198
222.625 3.08691
222.625 3.08691
226.205 3.10126
230.314 3.11625
231.371 3.11986
236.698 3.13664
236.698 3.13664
244.928 3.15836
245.383 3.15942
245.383 3.15942
246.762 3.16257
251.995 3.17349
277.471 3.20814
277.471 3.20814
288.579 3.21649
288.758 3.2166
288.758 3.2166
290.332 3.21755
291.511 3.21823
292.989 3.21904
292.989 3.21904
293.996 3.21957
293.996 3.21957
297.809 3.22142
297.91 3.22147
301.075 3.22282
302.417 3.22335
302.417 3.22335
302.527 3.2234
302.565 3.22341
304.964 3.22429
304.964 3.22429
305.021 3.22431
312.103 3.22651
312.103 3.22651
312.526 3.22662
316.883 3.2277
316.883 3.2277
317.332 3.2278
317.332 3.2278
319.424 3.22825
319.424 3.22825
322.203 3.2288
322.516 3.22885
322.516 3.22885
322.698 3.22889
322.698 3.22889
322.737 3.22889
323.839 3.22909
325.187 3.22932
325.187 3.22932
331.045 3.23019
334.234 3.23058
334.234 3.23058
356.996 3.2323
359.071 3.23239
359.071 3.23239
360.911 3.23247
364.941 3.23261
364.941 3.23261
364.973 3.23261
364.973 3.23261
365.228 3.23262
369.445 3.23274
369.548 3.23274
370.609 3.23277
375.112 3.23287
376.182 3.23289
377.406 3.23291
378.401 3.23293
383.317 3.23301
383.317 3.23301
384.941 3.23303
386.035 3.23304
387.673 3.23306
387.673 3.23306
389.406 3.23308
389.406 3.23308
391.518 3.2331
392.924 3.23311
400.066 3.23317
400.258 3.23317
402.852 3.23318
402.852 3.23318
405.303 3.2332
406.883 3.2332
406.883 3.2332
407.818 3.23321
408.108 3.23321
415.378 3.23323
418.422 3.23324
418.422 3.23324
424.641 3.23326
424.641 3.23326
425.236 3.23326
425.236 3.23326
426.798 3.23326
426.798 3.23326
429.994 3.23326
435.103 3.23327
436.146 3.23327
438.318 3.23327
438.318 3.23327
443.595 3.23328
447.608 3.23328
450.5 3.23328
457.742 3.23328
459.424 3.23328
460.631 3.23328
461.001 3.23328
463.245 3.23329
467.08 3.23329
469.233 3.23329
469.233 3.23329
472.935 3.23329
477.647 3.23329
477.647 3.23329
491.973 3.23329
491.973 3.23329
492.06 3.23329
492.06 3.23329
495.627 3.23329
496.79 3.23329
502.623 3.23329
502.699 3.23329
502.699 3.23329
506.09 3.23329
508.408 3.23329
511.578 3.23329
511.625 3.23329
511.625 3.23329
512.413 3.23329
512.413 3.23329
518.29 3.23329
519.105 3.23329
519.105 3.23329
520.275 3.23329
520.275 3.23329
520.836 3.23329
524.062 3.23329
524.062 3.23329
524.141 3.23329
526.12 3.23329
526.325 3.23329
526.325 3.23329
528.914 3.23329
529.553 3.23329
531.243 3.23329
534.285 3.23329
536.332 3.23329
536.332 3.23329
537.894 3.23329
538.33 3.23329
540.611 3.23329
547.523 3.23329
547.523 3.23329
549.807 3.23329
549.807 3.23329
552.62 3.23329
562.202 3.23329
566.199 3.23329
570.611 3.23329
580.713 3.23329
581.786 3.23329
581.786 3.23329
584.954 3.23329
586.072 3.23329
586.072 3.23329
593.851 3.23329
597.653 3.23329
597.653 3.23329
601.007 3.23329
604.22 3.23329
607.434 3.23329
607.434 3.23329
607.624 3.23329
608.093 3.23329
608.471 3.23329
608.471 3.23329
609.575 3.23329
610.857 3.23329
611.898 3.23329
611.898 3.23329
613.531 3.23329
619.792 3.23329
626.322 3.23329
626.322 3.23329
626.576 3.23329
629.669 3.23329
634.148 3.23329
634.148 3.23329
634.303 3.23329
638 3.23329
639.495 3.23329
639.495 3.23329
641.935 3.23329
641.935 3.23329
651.296 3.23329
657.746 3.23329
657.746 3.23329
659.612 3.23329
666.432 3.23329
672.524 3.23329
681.111 3.23329
693.89 3.23329
698.66 3.23329
698.66 3.23329
702.052 3.23329
705.104 3.23329
705.992 3.23329
707.636 3.23329
709.725 3.23329
711.709 3.23329
713.535 3.23329
721.362 3.23329
721.362 3.23329
729.671 3.23329
733.677 3.23329
733.677 3.23329
734.202 3.23329
743.873 3.23329
746.541 3.23329
779.629 3.23329
779.629 3.23329
804.076 3.23329
804.076 3.23329
808.283 3.23329
812.395 3.23329
813.585 3.23329
813.585 3.23329
814.845 3.23329
814.845 3.23329
835.965 3.23329
835.965 3.23329
